0.21069

5.5571

11.8574

0.224687

5.4628

11.7829

0.238495

5.37073

11.7089

0.252121

5.28082

11.6352

0.265574

5.19302

11.562

0.278861

5.10725

11.4892

0.291988

5.02348

11.4169

0.304964

4.94163

11.345

0.317793

4.86165

11.2737

0.330482

4.7835

11.2029

0.343037

4.70712

11.1325

0.355462

4.63247

11.0627

0.367763

4.55948

10.9935

0.379945

4.48813

10.9248

0.392011

4.41836

10.8566

0.403967

4.35013

10.789

0.415815

4.28339

10.7219

0.427561

4.21812

10.6554

0.439207

4.15425

10.5894

0.450758

4.09177

10.5241

0.462215

4.03063

10.4592

0.473584

3.9708

10.395

0.484866

3.91223

10.3313

0.496064

3.8549

10.2682

0.507181

3.79877

10.2057

0.518221

3.74382

10.1437

0.529184

3.69001

10.0823

0.540074

3.6373

10.0214

0.550893

3.58568

9.96115

0.561643

3.53511

9.90142

0.572327

3.48557

9.84225

0.582945

3.43703

9.78363

0.593501

3.38947

9.72556

0.603996

3.34285

9.66804

0.614431

3.29716

9.61106

0.624809

3.25237

9.55463

0.63513

3.20846

9.49872

0.645398

3.1654

9.44335

0.655613

3.12319

9.3885

0.665776

3.08178

9.33418

0.675889

3.04118

9.28038

0.685953

3.00134

9.22709

0.695971

2.96227

9.17431

0.705942

2.92393

9.12203

0.715868

2.88631

9.07025

0.72575

2.8494

9.01897

0.73559

2.81317

8.96819

0.745388

2.77761

8.91788

0.755146

2.7427

8.86806

0.764864

2.70843

8.81871

0.774543

2.67479

8.76984

0.784185

2.64175

8.72143

0.793791

2.60931

8.67348

0.80336

2.57745

8.62599

0.812895

2.54616

8.57895

0.822395

2.51542

8.53236

0.831862

2.48522

8.48621

0.841297

2.45555

8.4405

0.8507

2.42639

8.39522

0.860071

2.39775

8.35037

0.869412

2.36959

8.30594

0.878724

2.34192

8.26193

0.888006

2.31473

8.21834

0.89726

2.28799

8.17515

0.906486

2.26171

8.13236

0.915685

2.23586

8.08998

0.924858

2.21045

8.04799

0.934004

2.18547

8.00639

0.943125

2.16089

7.96518

0.95222

2.13672

7.92435

0.961292

2.11295

7.88389

0.970339

2.08956

7.84381

0.979363

2.06656

7.8041

0.988364

2.04392

7.76475

0.997343

2.02165

7.72576

1.0063

1.99974

7.68713

1.01523

1.97817

7.64884

1.02415

1.95695

7.61091

1.03304

1.93606

7.57332

1.04191

1.91549

7.53606

1.05076

1.89525

7.49915

1.0596

1.87532

7.46256

1.06841

1.8557

7.4263

1.07721

1.83639

7.39037

1.08598

1.81736

7.35475

1.09474

1.79863

7.31945

1.10348

1.78018

7.28446

1.1122

1.76201

7.24979

1.12091

1.74411

7.21541

1.1296

1.72648

7.18134

1.13827

1.70912

7.14757

1.14692

1.69201

7.11409

1.15556

1.67515

7.0809

1.16419

1.65854

7.048

1.1728

1.64217

7.01538

1.18139

1.62604

6.98304

1.18997

1.61014

6.95099

1.19853

1.59447

6.9192

1.20708

1.57903

6.88769

1.21561

1.56381

6.85644

1.22414

1.5488

6.82546

1.23264

1.53401

6.79475

1.24114

1.51942

6.76429

1.24962

1.50504

6.73408

1.25809

1.49086

6.70413

1.26654

1.47688

6.67443

1.27498

1.46309

6.64498

1.28341

1.44949

6.61577

1.29183

1.43608

6.58681

1.30024

1.42285

6.55808

1.30863

1.4098

6.52959

1.31701

1.39693

6.50133

1.32539

1.38423

6.4733

1.33375

1.3717

6.4455

1.34209

1.35934

6.41792

1.35043

1.34714

6.39057

1.35876

1.33511

6.36344

1.36708

1.32323

6.33653

1.37538

1.31151

6.30983

1.38368

1.29995

6.28335

1.39196

1.28853

6.25707

1.40024

1.27726

6.23101

1.4085

1.26614

6.20515

1.41676

1.25516

6.17949

1.42501

1.24433

6.15404

1.43324

1.23363

6.12879

1.44147

1.22306

6.10373

1.44969

1.21264

6.07887

1.4579

1.20234

6.0542

1.4661

1.19217

6.02972

1.4743

1.18213

6.00543

1.48248

1.17221

5.98133

1.49065

1.16242

5.95741

1.49882

1.15275

5.93367

1.50698

1.1432

5.91012

1.51513

1.13376

5.88674

1.52327

1.12444

5.86354

1.53141

1.11524

5.84051

1.53954

1.10614

5.81766

1.54765

1.09716

5.79498

1.55577

1.08828

5.77247

1.56387

1.07951

5.75012

1.57197

1.07085

5.72795

1.58006

1.06228

5.70593

1.58814

1.05382

5.68408

1.59621

1.04546

5.66239

1.60428

1.0372

5.64085

1.61234

1.02903

5.61948

1.6204

1.02096

5.59826

1.62845

1.01299

5.57719

1.63649

1.0051

5.55628

1.64452

0.997309

5.53552

1.65255

0.989606

5.5149

1.66057

0.98199

5.49444

1.66859

0.974462

5.47412

1.6766

0.967019

5.45394

1.6846

0.959661

5.43391

1.6926

0.952385

5.41402

1.70059

0.945192

5.39427

1.70857

0.938079

5.37466

1.71655

0.931046

5.35519

1.72452

0.92409

5.33585

1.73249

0.917212

5.31665

1.74045

0.91041

5.29758

1.74841

0.903683

5.27864

1.75636

0.897029

5.25984

1.76431

0.890449

5.24116

1.77225

0.88394

5.22261

1.78018

0.877501

5.20419

1.78811

0.871133

5.1859

1.79604

0.864832

5.16773

1.80395

0.8586

5.14968

1.81187

0.852434

5.13175

1.81978

0.846334

5.11395

1.82768

0.840299

5.09626

1.83558

0.834328

5.07869

1.84348

0.82842

5.06124

1.85137

0.822574

5.04391

1.85925

0.816789

5.02669

1.86713

0.811065

5.00959

1.87501

0.8054

4.99259

1.88288

0.799794

4.97571

1.89075

0.794246

4.95894

1.89861

0.788755

4.94228

1.90647

0.783321

4.92573

1.91432

0.777942

4.90929

1.92217

0.772619

4.89295

1.93001

0.767349

4.87672

1.93785

0.762133

4.8606

1.94569

0.756969

4.84457

1.95352

0.751858

4.82865

1.96135

0.746798

4.81283

1.96918

0.741788

4.79712

1.977

0.736829

4.7815

1.98481

0.731918

4.76598

1.99263

0.727057

4.75056

2.00043

0.722243

4.73523

2.00824

0.717477

4.72001

2.01604

0.712758

4.70487

2.02384

0.708085

4.68984

2.03163

0.703457

4.67489

2.03942

0.698874

4.66004

2.04721

0.694336

4.64528

2.05499

0.689842

4.63061

2.06277

0.68539

4.61603

2.07055

0.680982

4.60154

2.07832

0.676616

4.58714

2.08609

0.672291

4.57283

2.09385

0.668008

4.55861

2.10161

0.663765

4.54447

2.10937

0.659562

4.53041

2.11713

0.655399

4.51645

2.12488

0.651275

4.50256

2.13263

0.64719

4.48876

2.14038

0.643142

4.47504

2.14812

0.639133

4.4614

2.15586

0.63516

4.44785

2.16359

0.631225

4.43437

2.17133

0.627325

4.42098

2.17906

0.623462

4.40766

2.18678

0.619634

4.39442

2.19451

0.615841

4.38126

2.20223

0.612082

4.36818

2.20995

0.608358

4.35517

2.21766

0.604667

4.34224

2.22537

0.60101

4.32939

2.23308

0.597386

4.3166

2.24079

0.593794

4.3039

2.2485

0.590234

4.29126

2.2562

0.586707

4.2787

2.26389

0.58321

4.26621

2.27159

0.579745

4.25379

2.27928

0.57631

4.24144

2.28697

0.572905

4.22917

2.29466

0.569531

4.21696

2.30235

0.566186

4.20482

2.31003

0.56287

4.19275

2.31771

0.559584

4.18074

2.32539

0.556326

4.16881

2.33306

0.553096

4.15694

2.34073

0.549894

4.14514

2.3484

0.54672

4.1334

2.35607

0.543573

4.12173

2.36374

0.540453

4.11012

2.3714

0.537359

4.09858

2.37906

0.534292

4.0871

2.38672

0.531251

4.07568

2.39437

0.528236

4.06433

2.40203

0.525247

4.05304

2.40968

0.522282

4.04181

2.41733

0.519343

4.03064

2.42497

0.516428

4.01953

2.43262

0.513538

4.00848

2.44026

0.510671

3.99749

2.4479

0.507829

3.98656

2.45554

0.50501

3.97569

2.46317

0.502214

3.96487

2.47081

0.499442

3.95412

2.47844

0.496692

3.94342

2.48607

0.493965

3.93278

2.49369

0.49126

3.9222

2.50132

0.488578

3.91167

2.50894

0.485917

3.90119

2.51656

0.483278

3.89077

2.52418

0.48066

3.88041

2.5318

0.478063

3.8701

2.53941

0.475487

3.85985

2.54703

0.472932

3.84964

2.55464

0.470397

3.83949

2.56225

0.467883

3.8294

2.56985

0.465388

3.81935

2.57746

0.462914

3.80936

2.58506

0.460459

3.79942

2.59266

0.458023

3.78953

2.60026

0.455607

3.77969

2.60786

0.45321

3.7699

2.61546

0.450831

3.76016

2.62305

0.448471

3.75047

2.63064

0.44613

3.74083

2.63823

0.443807

3.73124

2.64582

0.441501

3.72169

2.65341

0.439214

3.7122

2.66099

0.436944

3.70275

2.66858

0.434692

3.69335

2.67616

0.432457

3.68399

2.68374

0.43024

3.67469

2.69132

0.428039

3.66543

2.6989

0.425855

3.65621

2.70647

0.423688

3.64704

2.71404

0.421537

3.63792

2.72162

0.419402

3.62884

2.72919

0.417284

3.6198

2.73676

0.415181

3.61081

2.74432

0.413095

3.60187

2.75189

0.411023

3.59297

2.75945

0.408968

3.58411

2.76701

0.406928

3.57529

2.77458

0.404903

3.56652

2.78213

0.402893

3.55779

2.78969

0.400898

3.5491

2.79725

0.398917

3.54045

0.0839267

6.44839

12.4949

0.0986275

6.34214

12.4249

0.113084

6.23827

12.3549

0.127308

6.13673

12.2851

0.14131

6.03745

12.2154

0.155101

5.94038

12.1458

0.168691

5.84546

12.0764

0.182088

5.75263

12.0073

0.195301

5.66184

11.9384

0.208338

5.57303

11.8698

0.221206

5.48616

11.8015

0.233913

5.40118

11.7335

0.246465

5.31802

11.6658

0.258869

5.23666

11.5985

0.27113

5.15704

11.5316

0.283254

5.07911

11.465

0.295246

5.00284

11.3989

0.307112

4.92817

11.3331

0.318856

4.85507

11.2678

0.330482

4.7835

11.2029

0.341996

4.71342

11.1384

0.3534

4.64479

11.0743

0.3647

4.57758

11.0107

0.375897

4.51174

10.9476

0.386997

4.44724

10.8849

0.398003

4.38405

10.8227

0.408916

4.32214

10.7609

0.419742

4.26147

10.6997

0.430482

4.20202

10.6388

0.441139

4.14375

10.5785

0.451716

4.08663

10.5186

0.462215

4.03063

10.4592

0.47264

3.97573

10.4003

0.482991

3.9219

10.3419

0.493272

3.86912

10.2839

0.503484

3.81735

10.2265

0.51363

3.76658

10.1694

0.523712

3.71677

10.1129

0.53373

3.66791

10.0569

0.543688

3.61998

10.0013

0.553587

3.57294

9.94616

0.563429

3.52679

9.89152

0.573214

3.48149

9.83734

0.582945

3.43703

9.78363

0.592624

3.39339

9.73038

0.602251

3.35055

9.67759

0.611827

3.30849

9.62526

0.621356

3.2672

9.57338

0.630836

3.22665

9.52195

0.640271

3.18682

9.47097

0.64966

3.14771

9.42043

0.659006

3.10929

9.37034

0.668309

3.07156

9.32068

0.67757

3.03448

9.27146

0.68679

2.99806

9.22267

0.695971

2.96227

9.17431

0.705112

2.9271

9.12637

0.714216

2.89253

9.07885

0.723284

2.85856

9.03175

0.732315

2.82517

8.98506

0.74131

2.79234

8.93878

0.750272

2.76007

8.89291

0.7592

2.72835

8.84744

0.768095

2.69715

8.80237

0.776957

2.66647

8.75769

0.785789

2.63631

8.71341

0.79459

2.60663

8.66951

0.80336

2.57745

8.62599

0.812102

2.54874

8.58286

0.820814

2.5205

8.5401

0.829499

2.49272

8.49771

0.838156

2.46538

8.45569

0.846786

2.43848

8.41404

0.855389

2.41201

8.37274

0.863967

2.38596

8.33181

0.872519

2.36032

8.29123

0.881047

2.33508

8.25099

0.88955

2.31024

8.21111

0.89803

2.28578

8.17157

0.906486

2.26171

8.13236

0.91492

2.238

8.0935

0.923331

2.21466

8.05496

0.93172

2.19167

8.01676

0.940087

2.16904

7.97887

0.948434

2.14674

7.94131

0.956759

2.12479

7.90407

0.965064

2.10316

7.86715

0.97335

2.08185

7.83053

0.981616

2.06087

7.79423

0.989862

2.04019

7.75823

0.99809

2.01981

7.72253

1.0063

1.99974

7.68713

1.01449

1.97996

7.65202

1.02266

1.96046

7.61721

1.03082

1.94125

7.58268

1.03896

1.92231

7.54844

1.04708

1.90365

7.51449

1.05518

1.88525

7.48081

1.06327

1.86711

7.44741

1.07134

1.84923

7.41429

1.0794

1.8316

7.38143

1.08744

1.81422

7.34885

1.09547

1.79708

7.31652

1.10348

1.78018

7.28446

1.11148

1.76352

7.25266

1.11946

1.74708

7.22112

1.12743

1.73087

7.18983

1.13538

1.71488

7.15879

1.14332

1.69911

7.128

1.15125

1.68355

7.09746

1.15916

1.6682

7.06715

1.16706

1.65305

7.03709

1.17494

1.63811

7.00727

1.18282

1.62337

6.97768

1.19068

1.60883

6.94833

1.19853

1.59447

6.9192

1.20637

1.58031

6.89031

1.21419

1.56633

6.86163

1.22201

1.55253

6.83319

1.22981

1.53892

6.80496

1.2376

1.52548

6.77695

1.24538

1.51221

6.74915

1.25315

1.49911

6.72158

1.26091

1.48618

6.69421

1.26865

1.47341

6.66705

1.27639

1.46081

6.6401

1.28412

1.44837

6.61335

1.29183

1.43608

6.58681

1.29954

1.42395

6.56046

1.30723

1.41196

6.53432

1.31492

1.40013

6.50837

1.3226

1.38844

6.48262

1.33026

1.3769

6.45705

1.33792

1.3655

6.43168

1.34557

1.35424

6.4065

1.35321

1.34311

6.3815

1.36084

1.33212

6.35669

1.36846

1.32127

6.33206

1.37607

1.31054

6.30762

1.38368

1.29995

6.28335

1.39127

1.28948

6.25925

1.39886

1.27913

6.23534

1.40644

1.26891

6.21159

1.41401

1.25881

6.18802

1.42157

1.24883

6.16462

1.42913

1.23896

6.14139

1.43667

1.22921

6.11832

1.44421

1.21957

6.09542

1.45174

1.21005

6.07268

1.45927

1.20063

6.0501

1.46679

1.19133

6.02769

1.4743

1.18213

6.00543

1.4818

1.17304

5.98333

1.48929

1.16405

5.96138

1.49678

1.15516

5.93959

1.50426

1.14637

5.91795

1.51174

1.13768

5.89646

1.5192

1.12909

5.87512

1.52666

1.12059

5.85392

1.53412

1.11219

5.83288

1.54157

1.10389

5.81197

1.54901

1.09567

5.79122

1.55644

1.08755

5.7706

1.56387

1.07951

5.75012

1.57129

1.07156

5.72979

1.57871

1.0637

5.70959

1.58612

1.05593

5.68953

1.59352

1.04824

5.6696

1.60092

1.04063

5.64981

1.60831

1.0331

5.63015

1.6157

1.02566

5.61062

1.62308

1.01829

5.59122

1.63046

1.01101

5.57195

1.63783

1.0038

5.55281

1.64519

0.996664

5.53379

1.65255

0.989606

5.5149

1.6599

0.982622

5.49614

1.66725

0.975711

5.4775

1.67459

0.968872

5.45897

1.68193

0.962104

5.44057

1.68926

0.955407

5.42229

1.69659

0.948779

5.40413

1.70391

0.942219

5.38609

1.71123

0.935726

5.36816

1.71854

0.929299

5.35034

1.72585

0.922939

5.33264

1.73316

0.916643

5.31506

1.74045

0.91041

5.29758

1.74775

0.904241

5.28022

1.75504

0.898133

5.26296

1.76232

0.892087

5.24582

1.7696

0.886102

5.22878

1.77688

0.880175

5.21185

1.78415

0.874308

5.19503

1.79141

0.868499

5.17831

1.79868

0.862748

5.1617

1.80593

0.857052

5.14518

1.81319

0.851413

5.12878

1.82044

0.845829

5.11247

1.82768

0.840299

5.09626

1.83492

0.834823

5.08015

1.84216

0.8294

5.06414

1.84939

0.824029

5.04823

1.85662

0.81871

5.03242

1.86385

0.813442

5.0167

1.87107

0.808225

5.00108

1.87829

0.803057

4.98555

1.8855

0.797938

4.97011

1.89271

0.792868

4.95477

1.89992

0.787846

4.93952

1.90712

0.782871

4.92436

1.91432

0.777942

4.90929

1.92152

0.77306

4.89431

1.92871

0.768224

4.87942

1.9359

0.763432

4.86462

1.94308

0.758685

4.8499

1.95026

0.753981

4.83527

1.95744

0.749321

4.82073

1.96461

0.744704

4.80627

1.97178

0.74013

4.7919

1.97895

0.735597

4.77761

1.98612

0.731105

4.7634

1.99328

0.726654

4.74928

2.00043

0.722243

4.73523

2.00759

0.717873

4.72127

2.01474

0.713541

4.70739

2.02189

0.709249

4.69359

2.02903

0.704994

4.67986

2.03618

0.700778

4.66622

2.04332

0.6966

4.65265

2.05045

0.692458

4.63916

2.05758

0.688353

4.62574

2.06471

0.684284

4.6124

2.07184

0.680251

4.59914

2.07897

0.676254

4.58595

2.08609

0.672291

4.57283

2.09321

0.668363

4.55979

2.10032

0.664469

4.54682

2.10743

0.660609

4.53392

2.11454

0.656782

4.52109

2.12165

0.652989

4.50834

2.12876

0.649228

4.49565

2.13586

0.645499

4.48303

2.14296

0.641802

4.47049

2.15005

0.638136

4.45801

2.15715

0.634502

4.4456

2.16424

0.630898

4.43325

2.17133

0.627325

4.42098

2.17841

0.623783

4.40877

2.1855

0.620269

4.39662

2.19258

0.616786

4.38455

2.19966

0.613331

4.37253

2.20673

0.609906

4.36058

2.21381

0.606509

4.3487

2.22088

0.603139

4.33688

2.22795

0.599798

4.32512

2.23501

0.596485

4.31342

2.24208

0.593199

4.30179

2.24914

0.589939

4.29021

2.2562

0.586707

4.2787

2.26325

0.5835

4.26725

2.27031

0.58032

4.25586

2.27736

0.577166

4.24452

2.28441

0.574037

4.23325

2.29146

0.570933

4.22204

2.2985

0.567855

4.21088

2.30555

0.564801

4.19978

2.31259

0.561772

4.18874

2.31963

0.558767

4.17775

2.32667

0.555785

4.16683

2.3337

0.552828

4.15595

2.34073

0.549894

4.14514

2.34777

0.546983

4.13438

2.35479

0.544095

4.12367

2.36182

0.54123

4.11302

2.36885

0.538387

4.10242

2.37587

0.535567

4.09187

2.38289

0.532769

4.08138

2.38991

0.529992

4.07094

2.39693

0.527237

4.06056

2.40394

0.524503

4.05022

2.41095

0.521791

4.03994

2.41796

0.519099

4.02971

2.42497

0.516428

4.01953

2.43198

0.513778

4.0094

2.43899

0.511147

3.99932

2.44599

0.508537

3.98929

2.45299

0.505947

3.97931

2.45999

0.503376

3.96937

2.46699

0.500825

3.95949

2.47399

0.498294

3.94965

2.48098

0.495781

3.93987

2.48797

0.493287

3.93013

2.49496

0.490812

3.92044

2.50195

0.488355

3.91079

2.50894

0.485917

3.90119

2.51593

0.483497

3.89164

2.52291

0.481094

3.88213

2.52989

0.47871

3.87267

2.53687

0.476343

3.86326

2.54385

0.473994

3.85389

-0.0402133

7.36238

13.0358

-0.0244025

7.24502

12.9723

-0.00891058

7.13014

12.9085

0.00627923

7.01768

12.8444

0.0211825

6.9076

12.7801

0.0358136

6.79984

12.7157

0.0501862

6.69433

12.6512

0.0643127

6.59104

12.5865

0.0782048

6.4899

12.5219

0.0918736

6.39088

12.4572

0.105329

6.29391

12.3926

0.118582

6.19894

12.3281

0.131639

6.10594

12.2636

0.144511

6.01486

12.1993

0.157205

5.92564

12.1351

0.169728

5.83824

12.0711

0.182088

5.75263

12.0073

0.194291

5.66875

11.9437

0.206343

5.58657

11.8803

0.218251

5.50604

11.8172

0.23002

5.42713

11.7544

0.241655

5.34979

11.6918

0.253162

5.27399

11.6296

0.264545

5.1997

11.5676

0.275809

5.12687

11.506

0.286958

5.05547

11.4446

0.297996

4.98546

11.3837

0.308927

4.91682

11.323

0.319754

4.84951

11.2628

0.330482

4.7835

11.2029

0.341114

4.71876

11.1433

0.351653

4.65526

11.0842

0.362101

4.59296

11.0254

0.372463

4.53185

10.967

0.382739

4.47189

10.909

0.392935

4.41306

10.8514

0.403051

4.35532

10.7941

0.41309

4.29866

10.7373

0.423055

4.24305

10.6809

0.432948

4.18847

10.6249

0.442771

4.13488

10.5693

0.452526

4.08228

10.514

0.462215

4.03063

10.4592

0.47184

3.97992

10.4048

0.481403

3.93012

10.3508

0.490906

3.88121

10.2973

0.500349

3.83317

10.2441

0.509736

3.78599

10.1913

0.519067

3.73964

10.1389

0.528343

3.69411

10.087

0.537568

3.64937

10.0354

0.54674

3.60541

9.98427

0.555863

3.56221

9.93351

0.564938

3.51976

9.88316

0.573965

3.47804

9.8332

0.582945

3.43703

9.78363

0.591881

3.39672

9.73446

0.600773

3.35709

9.68568

0.609622

3.31813

9.6373

0.618429

3.27982

9.58929

0.627195

3.24216

9.54168

0.635922

3.20511

9.49444

0.64461

3.16868

9.44759

0.65326

3.13285

9.40111

0.661873

3.09761

9.35501

0.670449

3.06294

9.30928

0.678991

3.02884

9.26393

0.687498

2.99528

9.21893

0.695971

2.96227

9.17431

0.704411

2.92978

9.13004

0.712818

2.89781

9.08613

0.721194

2.86635

9.04258

0.72954

2.83538

8.99938

0.737855

2.8049

8.95653

0.74614

2.7749

8.91403

0.754396

2.74536

8.87187

0.762625

2.71629

8.83006

0.770825

2.68766

8.78858

0.778998

2.65947

8.74744

0.787145

2.63171

8.70663

0.795265

2.60437

8.66615

0.80336

2.57745

8.62599

0.81143

2.55093

8.58616

0.819476

2.52482

8.54665

0.827497

2.49909

8.50746

0.835495

2.47374

8.46858

0.843469

2.44877

8.43002

0.851421

2.42417

8.39176

0.859351

2.39993

8.35381

0.867259

2.37605

8.31616

0.875146

2.35251

8.27881

0.883012

2.32931

8.24176

0.890857

2.30645

8.205

0.898681

2.28392

8.16854

0.906486

2.26171

8.13236

0.914272

2.23981

8.09647

0.922038

2.21823

8.06087

0.929786

2.19695

8.02554

0.937515

2.17597

7.9905

0.945226

2.15528

7.95572

0.952919

2.13488

7.92122

0.960595

2.11476

7.88699

0.968253

2.09493

7.85303

0.975895

2.07536

7.81933

0.98352

2.05607

7.78589

0.991129

2.03703

7.75271

0.998722

2.01826

7.71979

1.0063

1.99974

7.68713

1.01386

1.98147

7.65471

1.02141

1.96344

7.62254

1.02894

1.94566

7.59062

1.03645

1.92811

7.55895

1.04396

1.9108

7.52751

1.05144

1.89371

7.49632

1.05892

1.87685

7.46536

1.06638

1.86021

7.43464

1.07383

1.84378

7.40415

1.08126

1.82757

7.37389

1.08868

1.81157

7.34386

1.09609

1.79577

7.31405

1.10348

1.78018

7.28446

1.11086

1.76479

7.2551

1.11823

1.74959

7.22596

1.12559

1.73459

7.19703

1.13293

1.71977

7.16832

1.14027

1.70515

7.13981

1.14759

1.6907

7.11152

1.1549

1.67644

7.08344

1.1622

1.66235

7.05556

1.16949

1.64844

7.02789

1.17676

1.6347

7.00042

1.18403

1.62112

6.97315

1.19129

1.60772

6.94608

1.19853

1.59447

6.9192

1.20577

1.58139

6.89252

1.21299

1.56847

6.86603

1.22021

1.5557

6.83973

1.22741

1.54309

6.81362

1.23461

1.53062

6.7877

1.24179

1.51831

6.76196

1.24897

1.50614

6.7364

1.25613

1.49412

6.71102

1.26329

1.48224

6.68583

1.27044

1.47049

6.66081

1.27758

1.45889

6.63597

1.28471

1.44742

6.6113

1.29183

1.43608

6.58681

1.29895

1.42487

6.56248

1.30605

1.4138

6.53833

1.31315

1.40285

6.51434

1.32024

1.39202

6.49052

1.32732

1.38132

6.46686

1.33439

1.37074

6.44337

1.34145

1.36028

6.42004

1.34851

1.34994

6.39686

1.35556

1.33972

6.37385

1.3626

1.32961

6.35099

1.36963

1.31961

6.32829

1.37666

1.30972

6.30574

1.38368

1.29995

6.28335

1.39069

1.29028

6.2611

1.39769

1.28071

6.23901

1.40469

1.27126

6.21706

1.41168

1.2619

6.19526

1.41866

1.25265

6.1736

1.42564

1.2435

6.15209

1.43261

1.23445

6.13072

1.43957

1.22549

6.10949

1.44653

1.21663

6.08841

1.45348

1.20787

6.06746

1.46043

1.1992

6.04664

1.46736

1.19062

6.02597

1.4743

1.18213

6.00543

1.48122

1.17373

5.98502

1.48814

1.16542

5.96475

1.49505

1.1572

5.9446

1.50196

1.14906

5.92459

1.50886

1.14101

5.9047

1.51576

1.13304

5.88495

1.52265

1.12516

5.86532

1.52953

1.11735

5.84581

1.53641

1.10963

5.82643

1.54328

1.10198

5.80717

1.55015

1.09442

5.78804

1.55701

1.08693

5.76902

1.56387

1.07951

5.75012

1.57072

1.07217

5.73135

1.57757

1.06491

5.71269

1.58441

1.05772

5.69414

1.59125

1.0506

5.67572

1.59808

1.04355

5.6574

1.6049

1.03657

5.6392

1.61172

1.02966

5.62112

1.61854

1.02282

5.60314

1.62535

1.01604

5.58528

1.63216

1.00934

5.56752

1.63896

1.0027

5.54988

1.64576

0.996118

5.53234

1.65255

0.989606

5.5149

1.65934

0.983156

5.49758

1.66612

0.976769

5.48036

1.6729

0.970444

5.46324

1.67967

0.964179

5.44622

1.68644

0.957975

5.42931

1.69321

0.951829

5.4125

1.69997

0.945742

5.39579

1.70673

0.939713

5.37918

1.71348

0.933741

5.36266

1.72023

0.927826

5.34625

1.72698

0.921966

5.32993

1.73372

0.916161

5.31371

1.74045

0.91041

5.29758

1.74719

0.904713

5.28155

1.75392

0.899069

5.26561

1.76064

0.893477

5.24977

1.76736

0.887937

5.23401

1.77408

0.882448

5.21835

1.78079

0.877009

5.20278

1.7875

0.87162

5.1873

1.79421

0.86628

5.17191

1.80091

0.860989

5.1566

1.80761

0.855746

5.14139

1.8143

0.85055

5.12626

1.82099

0.845402

5.11122

1.82768

0.840299

5.09626

1.83437

0.835242

5.08139

1.84105

0.830231

5.0666

1.84773

0.825264

5.05189

1.8544

0.820342

5.03727

1.86107

0.815463

5.02273

1.86774

0.810627

5.00827

1.8744

0.805834

4.9939

1.88106

0.801083

4.9796

1.88772

0.796373

4.96538

1.89438

0.791705

4.95124

1.90103

0.787077

4.93718

1.90767

0.78249

4.9232

1.91432

0.777942

4.90929

1.92096

0.773434

4.89546

1.9276

0.768965

4.88171

1.93424

0.764534

4.86803

1.94087

0.760141

4.85442

1.9475

0.755785

4.84089

1.95413

0.751467

4.82743

1.96075

0.747185

4.81405

1.96737

0.74294

4.80073

1.97399

0.73873

4.78749

1.98061

0.734556

4.77432

1.98722

0.730417

4.76122

1.99383

0.726313

4.74819

2.00043

0.722243

4.73523

2.00704

0.718207

4.72234

2.01364

0.714205

4.70952

2.02024

0.710236

4.69676

2.02684

0.706299

4.68408

2.03343

0.702395

4.67146

2.04002

0.698524

4.6589

2.04661

0.694683

4.64641

2.0532

0.690875

4.63399

2.05978

0.687097

4.62163

2.06636

0.68335

4.60933

2.07294

0.679634

4.5971

2.07951

0.675948

4.58494

2.08609

0.672291

4.57283

2.09266

0.668664

4.56079

2.09923

0.665066

4.54881

2.10579

0.661497

4.53689

2.11236

0.657956

4.52503

2.11892

0.654444

4.51323

2.12548

0.650959

4.5015

2.13203

0.647503

4.48982

2.13859

0.644073

4.4782

2.14514

0.640671

4.46664

2.15169

0.637295

4.45514

2.15824

0.633946

4.44369

2.16478

0.630623

4.43231

2.17133

0.627325

4.42098

2.17787

0.624054

4.40971

2.18441

0.620808

4.39849

2.19094

0.617587

4.38733

2.19748

0.614391

4.37622

2.20401

0.61122

4.36517

2.21054

0.608073

4.35418

2.21707

0.60495

4.34323

2.2236

0.601851

4.33235

2.23012

0.598776

4.32151

2.23664

0.595724

4.31073

2.24316

0.592695

4.3

2.24968

0.58969

4.28932

2.2562

0.586707

4.2787

2.26271

0.583746

4.26813

2.26922

0.580808

4.2576

2.27573

0.577891

4.24713

2.28224

0.574997

4.23671

2.28875

0.572124

4.22634

2.29525

0.569273

4.21602

2.30176

0.566442

4.20575

2.30826

0.563633

4.19553

2.31476

0.560844

4.18535

2.32125

0.558076

4.17523

2.32775

0.555329

4.16515

-0.165603

8.2878

13.479

-0.148175

8.16052

13.4239

-0.131171

8.03574

13.3682

-0.114566

7.91342

13.3118

-0.0983372

7.7935

13.2548

-0.0824646

7.67595

13.1973

-0.0669288

7.56072

13.1394

-0.051712

7.44776

13.081

-0.0367976

7.33702

13.0223

-0.0221703

7.22845

12.9632

-0.00781576

7.12202

12.9039

0.00627923

7.01768

12.8444

0.0201271

6.91539

12.7847

0.0337396

6.81509

12.7249

0.0471275

6.71675

12.665

0.0603009

6.62033

12.605

0.0732695

6.52578

12.545

0.0860423

6.43306

12.4849

0.0986275

6.34214

12.4249

0.111033

6.25296

12.3649

0.123267

6.16551

12.305

0.135336

6.07972

12.2452

0.147246

5.99558

12.1855

0.159004

5.91304

12.126

0.170616

5.83207

12.0665

0.182088

5.75263

12.0073

0.193424

5.67469

11.9482

0.20463

5.59821

11.8894

0.215711

5.52316

11.8307

0.226671

5.44951

11.7723

0.237515

5.37723

11.7141

0.248246

5.30629

11.6562

0.258869

5.23666

11.5985

0.269387

5.16831

11.5411

0.279804

5.1012

11.484

0.290122

5.03532

11.4272

0.300347

4.97064

11.3706

0.31048

4.90713

11.3144

0.320524

4.84476

11.2585

0.330482

4.7835

11.2029

0.340358

4.72334

11.1476

0.350153

4.66425

11.0926

0.35987

4.60621

11.0379

0.369511

4.54919

10.9836

0.379079

4.49317

10.9296

0.388575

4.43813

10.876

0.398003

4.38405

10.8227

0.407363

4.33091

10.7697

0.416658

4.27868

10.7171

0.425889

4.22735

10.6648

0.435059

4.1769

10.6129

0.444169

4.12731

10.5613

0.45322

4.07856

10.5101

0.462215

4.03063

10.4592

0.471155

3.98351

10.4087

0.480041

3.93718

10.3585

0.488874

3.89161

10.3087

0.497657

3.84681

10.2592

0.50639

3.80274

10.2101

0.515074

3.7594

10.1613

0.523712

3.71677

10.1129

0.532303

3.67484

10.0648

0.540849

3.63358

10.0171

0.549352

3.59299

9.96973

0.557812

3.55306

9.92269

0.56623

3.51376

9.87599

0.574608

3.47509

9.82964

0.582945

3.43703

9.78363

0.591244

3.39958

9.73796

0.599505

3.36271

9.69263

0.607729

3.32643

9.64763

0.615917

3.2907

9.60297

0.624069

3.25554

9.55864

0.632187

3.22091

9.51464

0.640271

3.18682

9.47097

0.648322

3.15326

9.42763

0.65634

3.1202

9.38461

0.664327

3.08765

9.34191

0.672283

3.05559

9.29953

0.680208

3.02401

9.25748

0.688104

2.99291

9.21573

0.695971

2.96227

9.17431

0.703809

2.93208

9.13319

0.711619

2.90235

9.09238

0.719402

2.87305

9.05188

0.727158

2.84418

9.01169

0.734888

2.81573

8.9718

0.742593

2.7877

8.9322

0.750272

2.76007

8.89291

0.757926

2.73285

8.85391

0.765556

2.70601

8.81521

0.773163

2.67956

8.77679

0.780746

2.65348

8.73866

0.788306

2.62778

8.70082

0.795844

2.60244

8.66327

0.80336

2.57745

8.62599

0.810855

2.55281

8.589

0.818328

2.52852

8.55228

0.82578

2.50457

8.51583

0.833212

2.48095

8.47966

0.840624

2.45765

8.44375

0.848016

2.43467

8.40812

0.855389

2.41201

8.37274

0.862743

2.38965

8.33763

0.870078

2.3676

8.30279

0.877395

2.34585

8.26819

0.884694

2.32439

8.23386

0.891976

2.30321

8.19978

0.899239

2.28232

8.16595

0.906486

2.26171

8.13236

0.913716

2.24136

8.09903

0.92093

2.22129

8.06594

0.928127

2.20148

8.03309

0.935308

2.18193

8.00048

0.942474

2.16263

7.96811

0.949624

2.14359

7.93597

0.956759

2.12479

7.90407

0.963879

2.10623

7.8724

0.970985

2.08791

7.84096

0.978075

2.06982

7.80975

0.985152

2.05197

7.77876

0.992215

2.03434

7.748

0.999264

2.01693

7.71745

1.0063

1.99974

7.68713

1.01332

1.98277

7.65702

1.02033

1.966

7.62712

1.02733

1.94945

7.59744

1.03431

1.9331

7.56797

1.04128

1.91695

7.53871

1.04824

1.901

7.50966

1.05518

1.88525

7.48081

1.06212

1.86969

7.45217

1.06904

1.85432

7.42372

1.07595

1.83913

7.39548

1.08285

1.82412

7.36743

1.08974

1.8093

7.33958

1.09661

1.79465

7.31193

1.10348

1.78018

7.28446

1.11033

1.76588

7.25719

1.11718

1.75175

7.23011

1.12401

1.73779

7.20321

1.13084

1.72399

7.1765

1.13765

1.71035

7.14997

1.14445

1.69687

7.12362

1.15125

1.68355

7.09746

1.15803

1.67038

7.07147

1.1648

1.65736

7.04566

1.17157

1.64449

7.02002

1.17832

1.63177

6.99456

1.18507

1.6192

6.96927

1.1918

1.60677

6.94415

1.19853

1.59447

6.9192

1.20525

1.58232

6.89442

1.21196

1.57031

6.8698

1.21866

1.55843

6.84535

1.22535

1.54668

6.82106

1.23204

1.53506

6.79693

1.23871

1.52357

6.77296

1.24538

1.51221

6.74915

1.25204

1.50097

6.7255

1.25869

1.48986

6.70201

1.26533

1.47887

6.67866

1.27197

1.46799

6.65547

1.2786

1.45724

6.63243

1.28522

1.4466

6.60955

1.29183

1.43608

6.58681

1.29844

1.42567

6.56421

1.30504

1.41537

6.54177

1.31163

1.40518

6.51947

1.31821

1.3951

6.49731

1.32479

1.38513

6.47529

1.33136

1.37526

6.45342

1.33792

1.3655

6.43168

1.34448

1.35584

6.41009

1.35103

1.34628

6.38863

1.35757

1.33682

6.3673

1.36411

1.32746

6.34612

1.37064

1.31819

6.32506

1.37716

1.30902

6.30414

1.38368

1.29995

6.28335

1.39019

1.29096

6.26269

1.39669

1.28207

6.24215

1.40319

1.27328

6.22175

1.40968

1.26457

6.20147

1.41617

1.25594

6.18132

1.42265

1.24741

6.16129

1.42913

1.23896

6.14139

1.4356

1.2306

6.12161

1.44206

1.22232

6.10195

1.44852

1.21412

6.08241

1.45497

1.206

6.06299

1.46142

1.19796

6.04368

1.46786

1.19001

6.0245

1.4743

1.18213

6.00543

1.48073

1.17433

5.98647

1.48715

1.1666

5.96764

1.49357

1.15895

5.94891

1.49999

1.15138

5.93029

1.5064

1.14388

5.91179

1.5128

1.13645

5.8934

1.5192

1.12909

5.87512

1.5256

1.1218

5.85694

1.53199

1.11458

5.83888

1.53837

1.10744

5.82092

1.54476

1.10035

5.80306

1.55113

1.09334

5.78531

1.5575

1.08639

5.76767

1.56387

1.07951

5.75012

1.57023

1.07269

5.73268

1.57659

1.06594

5.71535

1.58294

1.05925

5.69811

1.58929

1.05262

5.68097

1.59564

1.04606

5.66393

1.60198

1.03955

5.64699

1.60831

1.0331

5.63015

1.61465

1.02672

5.6134

1.62097

1.02039

5.59675

1.6273

1.01412

5.58019

1.63362

1.00791

5.56373

1.63993

1.00175

5.54736

1.64624

0.995651

5.53109

1.65255

0.989606

5.5149

1.65885

0.983615

5.49881

1.66515

0.977678

5.48281

1.67145

0.971794

5.4669

1.67774

0.965963

5.45107

1.68403

0.960184

5.43534

1.69031

0.954456

5.41969

1.69659

0.948779

5.40413

1.70287

0.943152

5.38866

1.70914

0.937574

5.37327

1.71541

0.932046

5.35796

1.72168

0.926565

5.34274

1.72794

0.921133

5.32761

1.7342

0.915748

5.31255

1.74045

0.91041

5.29758

1.74671

0.905118

5.28269

1.75295

0.899872

5.26788

1.7592

0.894671

5.25315

1.76544

0.889515

5.2385

1.77168

0.884402

5.22393

1.77791

0.879334

5.20944

1.78415

0.874308

5.19503

1.79038

0.869326

5.18069

1.7966

0.864385

5.16643

1.80282

0.859486

5.15225

1.80904

0.854629

5.13814

1.81526

0.849812

5.12411

1.82147

0.845036

5.11015

1.82768

0.840299

5.09626

1.83389

0.835602

5.08245

1.84009

0.830944

5.06871

1.8463

0.826325

5.05504

1.85249

0.821744

5.04144

1.85869

0.8172

5.02792

1.86488

0.812694

5.01446

1.87107

0.808225

5.00108

1.87726

0.803792

4.98776

1.88344

0.799396

4.97451

1.88962

0.795035

4.96133

1.8958

0.79071

4.94822

1.90198

0.78642

4.93518

1.90815

0.782164

4.9222

1.91432

0.777942

4.90929

1.92049

0.773755

4.89645

1.92665

0.769601

4.88367

1.93281

0.76548

4.87095

1.93897

0.761392

4.8583

1.94513

0.757336

4.84571

1.95129

0.753313

4.83319

1.95744

0.749321

4.82073

1.96359

0.745361

4.80833

1.96974

0.741432

4.796

1.97588

0.737534

4.78372

1.98202

0.733666

4.77151

1.98816

0.729829

4.75936

1.9943

0.726021

4.74727

2.00043

0.722243

4.73523

2.00657

0.718494

4.72326

2.0127

0.714775

4.71135

2.01883

0.711083

4.69949

2.02495

0.707421

4.68769

2.03108

0.703786

4.67596

2.0372

0.700179

4.66427

2.04332

0.6966

4.65265

2.04943

0.693047

4.64108

2.05555

0.689522

4.62957

2.06166

0.686024

4.61811

2.06777

0.682552

4.60671

2.07388

0.679106

4.59536

2.07998

0.675686

4.58407

2.08609

0.672291

4.57283

2.09219

0.668922

4.56165

2.09829

0.665578

4.55052

2.10439

0.662259

4.53944

2.11048

0.658965

4.52841

2.11657

0.655695

4.51744

2.12267

0.652449

4.50652

2.12876

0.649228

4.49565

2.13484

0.646029

4.48483

2.14093

0.642855

4.47406

-0.296275

9.2134

13.8246

-0.276556

9.07771

13.7798

-0.257412

8.94445

13.7339

-0.238806

8.8136

13.6869

-0.220706

8.68512

13.639

-0.20308

8.55898

13.5901

-0.185901

8.43514

13.5404

-0.169142

8.31356

13.4899

-0.15278

8.19422

13.4387

-0.136793

8.07706

13.3869

-0.121161

7.96206

13.3344

-0.105865

7.84917

13.2815

-0.0908869

7.73836

13.228

-0.0762109

7.62958

13.1742

-0.0618219

7.52282

13.1199

-0.0477059

7.41801

13.0654

-0.0338496

7.31513

13.0105

-0.0202409

7.21414

12.9553

-0.00686817

7.115

12.9

0.00627923

7.01768

12.8444

0.0192114

6.92214

12.7887

0.0319378

6.82835

12.7329

0.0444674

6.73627

12.677

0.0568084

6.64586

12.621

0.0689689

6.55709

12.565

0.0809561

6.46993

12.5089

0.0927772

6.38435

12.4529

0.104439

6.30031

12.3969

0.115947

6.21778

12.341

0.127308

6.13673

12.2851

0.138527

6.05713

12.2293

0.149609

5.97895

12.1736

0.160561

5.90216

12.118

0.171385

5.82673

12.0626

0.182088

5.75263

12.0073

0.192672

5.67984

11.9522

0.203143

5.60832

11.8972

0.213505

5.53806

11.8424

0.22376

5.46902

11.7879

0.233913

5.40118

11.7335

0.243967

5.33451

11.6793

0.253925

5.26899

11.6254

0.26379

5.2046

11.5717

0.273565

5.14132

11.5183

0.283254

5.07911

11.465

0.292858

5.01796

11.4121

0.302381

4.95785

11.3594

0.311824

4.89874

11.3069

0.321191

4.84064

11.2548

0.330482

4.7835

11.2029

0.339702

4.72732

11.1512

0.348851

4.67207

11.0999

0.357932

4.61774

11.0488

0.366947

4.5643

10.9981

0.375897

4.51174

10.9476

0.384785

4.46003

10.8974

0.393612

4.40917

10.8475

0.402379

4.35914

10.7979

0.411088

4.30991

10.7486

0.419742

4.26147

10.6997

0.42834

4.21381

10.651

0.436886

4.16692

10.6026

0.445379

4.12076

10.5545

0.453822

4.07534

10.5067

0.462215

4.03063

10.4592

0.470561

3.98663

10.4121

0.478859

3.94331

10.3652

0.487112

3.90067

10.3186

0.49532

3.85868

10.2724

0.503484

3.81735

10.2265

0.511606

3.77665

10.1808

0.519687

3.73658

10.1355

0.527727

3.69712

10.0904

0.535727

3.65825

10.0457

0.543688

3.61998

10.0013

0.551612

3.58228

9.95715

0.559499

3.54514

9.91332

0.567349

3.50857

9.86979

0.575165

3.47253

9.82657

0.582945

3.43703

9.78363

0.590692

3.40206

9.741

0.598406

3.36759

9.69865

0.606087

3.33364

9.6566

0.613737

3.30017

9.61485

0.621356

3.2672

9.57338

0.628944

3.2347

9.5322

0.636503

3.20267

9.49131

0.644032

3.17109

9.4507

0.651533

3.13997

9.41038

0.659006

3.10929

9.37034

0.666451

3.07905

9.33058

0.67387

3.04923

9.2911

0.681263

3.01984

9.25189

0.688629

2.99085

9.21296

0.695971

2.96227

9.17431

0.703287

2.93408

9.13592

0.710579

2.90629

9.09781

0.717848

2.87887

9.05996

0.725093

2.85184

9.02238

0.732315

2.82517

8.98506

0.739514

2.79886

8.94801

0.746691

2.77292

8.91121

0.753847

2.74732

8.87467

0.760981

2.72207

8.83839

0.768095

2.69715

8.80237

0.775187

2.67257

8.7666

0.78226

2.64831

8.73107

0.789313

2.62438

8.6958

0.796346

2.60076

8.66077

0.80336

2.57745

8.62599

0.810356

2.55445

8.59145

0.817333

2.53174

8.55716

0.824291

2.50933

8.5231

0.831232

2.48721

8.48928

0.838156

2.46538

8.45569

0.845062

2.44382

8.42234

0.851951

2.42255

8.38922

0.858823

2.40154

8.35633

0.865679

2.3808

8.32366

0.872519

2.36032

8.29123

0.879343

2.3401

8.25901

0.886152

2.32013

8.22702

0.892945

2.30041

8.19525

0.899723

2.28094

8.1637

0.906486

2.26171

8.13236

0.913235

2.24271

8.10124

0.919969

2.22395

8.07034

0.926689

2.20542

8.03964

0.933395

2.18712

8.00915

0.940087

2.16904

7.97887

0.946766

2.15118

7.9488

0.953431

2.13353

7.91893

0.960084

2.1161

7.88927

0.966723

2.09887

7.8598

0.97335

2.08185

7.83053

0.979964

2.06504

7.80146

0.986566

2.04842

7.77259

0.993155

2.032

7.74391

0.999733

2.01578

7.71542

1.0063

1.99974

7.68713

1.01285

1.98389

7.65902

1.0194

1.96823

7.6311

1.02593

1.95274

7.60336

1.03245

1.93744

7.57581

1.03896

1.92231

7.54844

1.04546

1.90736

7.52126

1.05194

1.89258

7.49425

1.05842

1.87796

7.46742

1.06489

1.86352

7.44077

1.07134

1.84923

7.41429

1.07779

1.83511

7.38798

1.08423

1.82115

7.36185

1.09065

1.80734

7.33589

1.09707

1.79368

7.31009

1.10348

1.78018

7.28446

1.10988

1.76683

7.259

1.11627

1.75363

7.23371

1.12265

1.74057

7.20857

1.12902

1.72765

7.1836

1.13538

1.71488

7.15879

1.14173

1.70224

7.13414

1.14808

1.68974

7.10965

1.15441

1.67738

7.08531

1.16074

1.66515

7.06112

1.16706

1.65305

7.03709

1.17337

1.64109

7.01322

1.17967

1.62925

6.98949

1.18597

1.61753

6.96591

1.19225

1.60594

6.94248

1.19853

1.59447

6.9192

1.2048

1.58313

6.89607

1.21106

1.5719

6.87308

1.21732

1.56079

6.85023

1.22357

1.5498

6.82752

1.22981

1.53892

6.80496

1.23604

1.52815

6.78253

1.24227

1.51749

6.76025

1.24849

1.50695

6.7381

1.2547

1.49651

6.71608

1.26091

1.48618

6.69421

1.2671

1.47595

6.67246

1.2733

1.46583

6.65085

1.27948

1.45581

6.62937

1.28566

1.4459

6.60803

1.29183

1.43608

6.58681

1.298

1.42636

6.56572

1.30416

1.41674

6.54475

1.31031

1.40721

6.52392

1.31646

1.39778

6.5032

1.3226

1.38844

6.48262

1.32873

1.3792

6.46215

1.33486

1.37004

6.44181

1.34098

1.36098

6.42159

1.3471

1.352

6.40149

1.35321

1.34311

6.3815

1.35931

1.33431

6.36164

1.36541

1.32559

6.34189

1.37151

1.31696

6.32226

1.37759

1.30841

6.30275

1.38368

1.29995

6.28335

1.38975

1.29156

6.26406

1.39583

1.28325

6.24488

1.40189

1.27503

6.22582

1.40795

1.26688

6.20687

1.41401

1.25881

6.18802

1.42006

1.25081

6.16929

1.42611

1.24289

6.15066

1.43215

1.23505

6.13214

1.43818

1.22727

6.11373

1.44421

1.21957

6.09542

1.45024

1.21195

6.07722

1.45626

1.20439

6.05912

1.46228

1.1969

6.04112

1.46829

1.18948

6.02322

1.4743

1.18213

6.00543

1.4803

1.17485

5.98773

1.4863

1.16763

5.97014

1.49229

1.16048

5.95264

1.49828

1.15339

5.93525

1.50426

1.14637

5.91795

1.51024

1.13941

5.90074

1.51622

1.13251

5.88363

1.52219

1.12568

5.86662

1.52816

1.11891

5.8497

1.53412

1.11219

5.83288

1.54008

1.10554

5.81614

1.54603

1.09895

5.7995

1.55198

1.09241

5.78295

1.55793

1.08593

5.76649

1.56387

1.07951

5.75012

1.56981

1.07315

5.73384

1.57574

1.06684

5.71765

1.58167

1.06058

5.70155

1.5876

1.05438

5.68553

1.59352

1.04824

5.6696

1.59944

1.04215

5.65376

1.60536

1.03611

5.638

1.61127

1.03012

5.62232

1.61718

1.02418

5.60673

1.62308

1.01829

5.59122

1.62898

1.01246

5.57579

1.63488

1.00667

5.56045

1.64077

1.00093

5.54519

1.64666

0.995246

5.53001

1.65255

0.989606

5.5149

1.65843

0.984013

5.49988

1.66431

0.978466

5.48494

1.67019

0.972967

5.47007

1.67606

0.967513

5.45528

1.68193

0.962104

5.44057

1.6878

0.956741

5.42594

1.69366

0.951422

5.41138

1.69952

0.946146

5.3969

1.70538

0.940915

5.38249

1.71123

0.935726

5.36816

1.71708

0.930579

5.3539

1.72293

0.925475

5.33971

1.72877

0.920413

5.32559

1.73462

0.915391

5.31155

1.74045

0.91041

5.29758

1.74629

0.90547

5.28368

1.75212

0.900569

5.26985

1.75795

0.895708

5.25609

1.76378

0.890885

5.2424

1.7696

0.886102

5.22878

1.77542

0.881356

5.21523

1.78124

0.876648

5.20175

1.78705

0.871978

5.18833

1.79287

0.867344

5.17498

1.79868

0.862748

5.1617

1.80448

0.858187

5.14848

1.81029

0.853662

5.13533

1.81609

0.849173

5.12224

1.82189

0.844719

5.10922

1.82768

0.840299

5.09626

1.83348

0.835914

5.08337

1.83927

0.831563

5.07053

1.84506

0.827246

5.05777

1.85084

0.822961

5.04506

1.85662

0.81871

5.03242

1.8624

0.814492

5.01983

1.86818

0.810306

5.00731

1.87396

0.806152

4.99485

1.87973

0.802029

4.98245

1.8855

0.797938

4.97011

1.89127

0.793878

4.95783

1.89704

0.789849

4.94561

1.9028

0.78585

4.93344

1.90856

0.781881

4.92134

1.91432

0.777942

4.90929

1.92008

0.774033

4.8973

1.92583

0.770153

4.88537

1.93158

0.766302

4.87349

1.93733

0.762479

4.86167

1.94308

0.758685

4.8499

1.94883

0.754919

4.83819

1.95457

0.75118

4.82654

1.96031

0.74747

4.81494

1.96605

0.743786

4.80339

1.97178

0.74013

4.7919

1.97752

0.7365

4.78046

-0.436961

10.1281

14.0743

-0.414003

9.98576

14.0414

-0.391847

9.84573

14.0068

-0.370436

9.70797

13.9708

-0.349719

9.57247

13.9334

-0.32965

9.43919

13.8946

-0.310186

9.30813

13.8547

-0.291289

9.17925

13.8135

-0.272924

9.05254

13.7713

-0.255057

8.92796

13.7281

-0.23766

8.8055

13.684

-0.220706

8.68512

13.639

-0.204168

8.56679

13.5932

-0.188024

8.45049

13.5466

-0.172253

8.33619

13.4994

-0.156835

8.22385

13.4516

-0.14175

8.11344

13.4031

-0.126983

8.00493

13.3542

-0.112517

7.8983

13.3047

-0.0983372

7.7935

13.2548

-0.0844299

7.69052

13.2045

-0.0707822

7.58931

13.1539

-0.057382

7.48985

13.1029

-0.0442179

7.39211

13.0517

-0.0312795

7.29605

13.0002

-0.0185566

7.20165

12.9484

-0.00603996

7.10887

12.8965

0.00627923

7.01768

12.8444

0.0184093

6.92806

12.7922

0.030358

6.83998

12.7399

0.0421327

6.7534

12.6875

0.0537404

6.6683

12.635

0.0651877

6.58466

12.5825

0.0764808

6.50243

12.53

0.0876255

6.4216

12.4774

0.0986275

6.34214

12.4249

0.109492

6.26402

12.3724

0.120224

6.18721

12.32

0.130829

6.1117

12.2676

0.14131

6.03745

12.2154

0.151673

5.96444

12.1632

0.161921

5.89265

12.1111

0.172058

5.82206

12.0591

0.182088

5.75263

12.0073

0.192014

5.68435

11.9556

0.201841

5.61719

11.9041

0.21157

5.55114

11.8527

0.221206

5.48616

11.8015

0.230751

5.42225

11.7505

0.240208

5.35937

11.6996

0.24958

5.29752

11.649

0.258869

5.23666

11.5985

0.268078

5.17678

11.5483

0.277209

5.11786

11.4983

0.286264

5.05989

11.4485

0.295246

5.00284

11.3989

0.304157

4.94669

11.3495

0.312999

4.89143

11.3004

0.321773

4.83704

11.2515

0.330482

4.7835

11.2029

0.339128

4.73081

11.1545

0.347711

4.67893

11.1063

0.356235

4.62786

11.0584

0.3647

4.57758

11.0107

0.373107

4.52807

10.9633

0.381459

4.47932

10.9162

0.389757

4.43132

10.8693

0.398003

4.38405

10.8227

0.406196

4.3375

10.7763

0.41434

4.29165

10.7302

0.422435

4.2465

10.6844

0.430482

4.20202

10.6388

0.438482

4.15821

10.5935

0.446437

4.11504

10.5485

0.454348

4.07252

10.5037

0.462215

4.03063

10.4592

0.470041

3.98936

10.415

0.477824

3.94869

10.371

0.485568

3.90861

10.3274

0.493272

3.86912

10.2839

0.500938

3.8302

10.2408

0.508566

3.79184

10.1979

0.516157

3.75404

10.1553

0.523712

3.71677

10.1129

0.531232

3.68004

10.0708

0.538717

3.64383

10.029

0.546169

3.60813

9.98745

0.553587

3.57294

9.94616

0.560974

3.53824

9.90514

0.568328

3.50403

9.86437

0.575652

3.4703

9.82387

0.582945

3.43703

9.78363

0.590209

3.40423

9.74365

0.597443

3.37187

9.70393

0.604649

3.33997

9.66447

0.611827

3.30849

9.62526

0.618978

3.27745

9.58631

0.626102

3.24683

9.54761

0.633199

3.21662

9.50916

0.640271

3.18682

9.47097

0.647317

3.15742

9.43303

0.654339

3.12842

9.39533

0.661336

3.0998

9.35788

0.668309

3.07156

9.32068

0.675258

3.04369

9.28372

0.682185

3.01619

9.24701

0.689089

2.98905

9.21054

0.695971

2.96227

9.17431

0.702831

2.93583

9.13831

0.709669

2.90974

9.10256

0.716487

2.88398

9.06704

0.723284

2.85856

9.03175

0.73006

2.83346

8.99669

0.736817

2.80869

8.96187

0.743554

2.78423

8.92728

0.750272

2.76007

8.89291

0.756971

2.73623

8.85877

0.763651

2.71268

8.82486

0.770313

2.68943

8.79116

0.776957

2.66647

8.75769

0.783584

2.6438

8.72444

0.790193

2.62141

8.69141

0.796785

2.59929

8.65859

0.80336

2.57745

8.62599

0.809919

2.55588

8.59361

0.816461

2.53456

8.56143

0.822988

2.51351

8.52947

0.829499

2.49272

8.49771

0.835994

2.47217

8.46616

0.842474

2.45187

8.43482

0.848939

2.43182

8.40368

0.855389

2.41201

8.37274

0.861825

2.39243

8.34201

0.868246

2.37309

8.31147

0.874654

2.35397

8.28114

0.881047

2.33508

8.25099

0.887427

2.31641

8.22105

0.893793

2.29796

8.1913

0.900146

2.27973

8.16173

0.906486

2.26171

8.13236

0.912813

2.24389

8.10318

0.919128

2.22628

8.07419

0.92543

2.20888

8.04538

0.93172

2.19167

8.01676

0.937997

2.17466

7.98831

0.944263

2.15785

7.96005

0.950517

2.14122

7.93197

0.956759

2.12479

7.90407

0.96299

2.10854

7.87635

0.96921

2.09247

7.8488

0.975418

2.07658

7.82143

0.981616

2.06087

7.79423

0.987802

2.04533

7.7672

0.993978

2.02996

7.74034

1.00014

2.01477

7.71365

1.0063

1.99974

7.68713

1.01244

1.98488

7.66077

1.01858

1.97017

7.63458

1.0247

1.95563

7.60855

1.03082

1.94125

7.58268

1.03692

1.92702

7.55698

1.04302

1.91295

7.53143

1.04911

1.89902

7.50604

1.05518

1.88525

7.48081

1.06125

1.87162

7.45574

1.06731

1.85814

7.43082

1.07336

1.8448

7.40605

1.0794

1.8316

7.38143

1.08543

1.81854

7.35697

1.09146

1.80562

7.33265

1.09747

1.79284

7.30848

1.10348

1.78018

7.28446

1.10948

1.76766

7.26059

1.11547

1.75527

7.23686

1.12145

1.74301

7.21327

1.12743

1.73087

7.18983

1.13339

1.71885

7.16653

1.13935

1.70696

7.14337

1.1453

1.6952

7.12034

1.15125

1.68355

7.09746

1.15718

1.67202

7.07471

1.16311

1.6606

7.05209

1.16903

1.6493

7.02962

1.17494

1.63811

7.00727

1.18085

1.62704

6.98506

1.18675

1.61608

6.96298

1.19264

1.60522

6.94102

1.19853

1.59447

6.9192

1.20441

1.58383

6.89751

1.21028

1.5733

6.87594

1.21615

1.56286

6.8545

1.22201

1.55253

6.83319

1.22786

1.5423

6.81199

1.23371

1.53217

6.79093

1.23955

1.52214

6.76998

1.24538

1.51221

6.74915

1.25121

1.50237

6.72845

1.25703

1.49262

6.70786

1.26284

1.48297

6.6874

1.26865

1.47341

6.66705

1.27446

1.46395

6.64682

1.28025

1.45457

6.6267

1.28605

1.44528

6.6067

1.29183

1.43608

6.58681

1.29761

1.42696

6.56703

1.30339

1.41794

6.54737

1.30916

1.40899

6.52781

1.31492

1.40013

6.50837

1.32068

1.39135

6.48904

1.32643

1.38265

6.46981

1.33218

1.37404

6.45069

1.33792

1.3655

6.43168

1.34366

1.35704

6.41278

1.34939

1.34866

6.39398

1.35512

1.34035

6.37528

1.36084

1.33212

6.35669

1.36656

1.32397

6.3382

1.37227

1.31589

6.31982

1.37797

1.30788

6.30153

1.38368

1.29995

6.28335

1.38937

1.29208

6.26526

1.39507

1.28429

6.24727

1.40076

1.27656

6.22939

1.40644

1.26891

6.21159

1.41212

1.26132

6.1939

1.41779

1.2538

6.1763

1.42346

1.24635

6.1588

1.42913

1.23896

6.14139

1.43479

1.23164

6.12407

1.44044

1.22438

6.10685

1.4461

1.21718

6.08972

1.45174

1.21005

6.07268

1.45739

1.20298

6.05573

1.46303

1.19597

6.03888

1.46866

1.18902

6.02211

1.4743

1.18213

6.00543

1.47992

1.1753

5.98884

1.48555

1.16853

5.97233

1.49117

1.16181

5.95592

1.49678

1.15516

5.93959

1.50239

1.14856

5.92334

1.508

1.14201

5.90718

1.5136

1.13552

5.89111

1.5192

1.12909

5.87512

1.5248

1.12271

5.85921

1.53039

1.11638

5.84338

1.53598

1.11011

5.82764

1.54157

1.10389

5.81197

1.54715

1.09772

5.79639

1.55272

1.0916

5.78089

1.5583

1.08553

5.76547

1.56387

1.07951

5.75012

1.56944

1.07354

5.73486

1.575

1.06762

5.71967

1.58056

1.06175

5.70456

1.58612

1.05593

5.68953

1.59167

1.05015

5.67457

1.59722

1.04442

5.65969

1.60277

1.03874

5.64488

1.60831

1.0331

5.63015

1.61385

1.02751

5.61549

1.61939

1.02197

5.6009

1.62493

1.01647

5.58639

1.63046

1.01101

5.57195

1.63598

1.00559

5.55758

1.64151

1.00022

5.54329

1.64703

0.994892

5.52906

1.65255

0.989606

5.5149

1.65806

0.984361

5.50082

1.66358

0.979157

5.4868

1.66909

0.973994

5.47285

1.67459

0.968872

5.45897

1.6801

0.96379

5.44516

1.6856

0.958747

5.43142

1.6911

0.953743

5.41774

1.69659

0.948779

5.40413

1.70208

0.943852

5.39059

1.70757

0.938964

5.37711

1.71306

0.934113

5.36369

1.71854

0.929299

5.35034

1.72403

0.924523

5.33706

1.7295

0.919783

5.32384

1.73498

0.915078

5.31068

1.74045

0.91041

5.29758

1.74592

0.905777

5.28455

1.75139

0.901179

5.27158

1.75686

0.896616

5.25867

1.76232

0.892087

5.24582

1.76778

0.887592

5.23303

1.77324

0.883131

5.2203

1.77869

0.878703

5.20764

1.78415

0.874308

5.19503

1.7896

0.869946

5.18248

1.79505

0.865616

5.16999

1.80049

0.861318

5.15756

1.80593

0.857052

5.14518

1.81137

0.852818

5.13287

1.81681

0.848614

5.12061

1.82225

0.844441

5.10841

1.82768

0.840299

5.09626

1.83311

0.836187

5.08417

-0.593843

11.021

14.2309

-0.566241

10.8741

14.2111

-0.539794

10.7293

14.1893

-0.514412

10.5865

14.1655

-0.490013

10.4457

14.1399

-0.466522

10.307

14.1126

-0.443875

10.1704

14.0836

-0.422011

10.0357

14.0532

-0.400877

9.90312

14.0212

-0.380422

9.77252

13.9879

-0.360603

9.64393

13.9534

-0.341379

9.51732

13.9176

-0.322713

9.39268

13.8807

-0.304571

9.27

13.8427

-0.286921

9.14924

13.8037

-0.269735

9.0304

13.7638

-0.252987

8.91345

13.723

-0.236651

8.79836

13.6814

-0.220706

8.68512

13.639

-0.20513

8.5737

13.5959

-0.189904

8.46407

13.5521

-0.17501

8.35622

13.5078

-0.160432

8.2501

13.4629

-0.146153

8.14571

13.4174

-0.13216

8.04301

13.3715

-0.118438

7.94198

13.3251

-0.104975

7.84259

13.2783

-0.0917594

7.74482

13.2312

-0.0787795

7.64863

13.1837

-0.066025

7.55401

13.1359

-0.0534862

7.46093

13.0879

-0.0411537

7.36936

13.0396

-0.0290189

7.27927

12.991

-0.0170735

7.19065

12.9423

-0.00530992

7.10346

12.8934

0.00627923

7.01768

12.8444

0.0177008

6.93329

12.7953

0.0289614

6.85026

12.746

0.0400671

6.76857

12.6967

0.0510238

6.6882

12.6474

0.0618371

6.60911

12.5979

0.0725122

6.53129

12.5485

0.0830541

6.45471

12.4991

0.0934675

6.37936

12.4496

0.103757

6.30521

12.4002

0.113927

6.23223

12.3508

0.123981

6.16041

12.3015

0.133924

6.08973

12.2523

0.143759

6.02016

12.2031

0.153489

5.95169

12.154

0.163119

5.88429

12.105

0.172651

5.81794

12.0561

0.182088

5.75263

12.0073

0.191433

5.68833

11.9586

0.20069

5.62503

11.9101

0.20986

5.56271

11.8618

0.218947

5.50135

11.8135

0.227953

5.44094

11.7655

0.23688

5.38145

11.7176

0.245731

5.32287

11.6698

0.254508

5.26518

11.6223

0.263212

5.20836

11.5749

0.271847

5.15241

11.5277

0.280413

5.0973

11.4807

0.288913

5.04301

11.4339

0.297349

4.98954

11.3872

0.305723

4.93687

11.3408

0.314035

4.88498

11.2946

0.322287

4.83387

11.2486

0.330482

4.7835

11.2029

0.338621

4.73388

11.1573

0.346705

4.68499

11.112

0.354735

4.63681

11.0668

0.362713

4.58934

11.0219

0.37064

4.54255

10.9773

0.378518

4.49644

10.9328

0.386347

4.451

10.8886

0.394129

4.40621

10.8446

0.401865

4.36206

10.8008

0.409556

4.31854

10.7573

0.417202

4.27564

10.714

0.424806

4.23335

10.671

0.432368

4.19165

10.6282

0.439889

4.15054

10.5856

0.44737

4.11001

10.5432

0.454812

4.07004

10.5011

0.462215

4.03063

10.4592

0.469581

3.99177

10.4176

0.476911

3.95344

10.3762

0.484204

3.91564

10.335

0.491463

3.87836

10.2941

0.498687

3.84159

10.2534

0.505878

3.80532

10.213

0.513035

3.76954

10.1728

0.520161

3.73424

10.1328

0.527255

3.69942

10.0931

0.534318

3.66507

10.0536

0.541351

3.63117

10.0143

0.548354

3.59773

9.97528

0.555328

3.56473

9.93649

0.562274

3.53217

9.89793

0.569191

3.50004

9.8596

0.576082

3.46833

9.8215

0.582945

3.43703

9.78363

0.589782

3.40614

9.746

0.596594

3.37566

9.70859

0.60338

3.34557

9.67141

0.610141

3.31586

9.63446

0.616878

3.28654

9.59774

0.623591

3.25759

9.56124

0.63028

3.22901

9.52496

0.636946

3.2008

9.48891

0.64359

3.17294

9.45308

0.650211

3.14543

9.41747

0.656811

3.11827

9.38209

0.663389

3.09145

9.34692

0.669946

3.06497

9.31196

0.676482

3.03881

9.27723

0.682998

3.01298

9.24271

0.689494

2.98747

9.2084

0.695971

2.96227

9.17431

0.702428

2.93738

9.14042

0.708866

2.91279

9.10675

0.715285

2.8885

9.07329

0.721686

2.86451

9.04003

0.728069

2.84081

9.00698

0.734434

2.81739

8.97414

0.740782

2.79426

8.94149

0.747113

2.7714

8.90905

0.753427

2.74882

8.87682

0.759724

2.7265

8.84478

0.766005

2.70444

8.81294

0.772269

2.68265

8.7813

0.778518

2.66111

8.74985

0.784751

2.63983

8.7186

0.790969

2.61879

8.68754

0.797172

2.598

8.65667

0.80336

2.57745

8.62599

0.809534

2.55714

8.5955

0.815693

2.53706

8.5652

0.821837

2.51721

8.53509

0.827968

2.49759

8.50516

0.834085

2.47819

8.47542

0.840189

2.45901

8.44586

0.846279

2.44005

8.41648

0.852356

2.4213

8.38728

0.85842

2.40277

8.35826

0.864471

2.38444

8.32941

0.870509

2.36631

8.30074

0.876535

2.34839

8.27225

0.882549

2.33067

8.24393

0.888551

2.31314

8.21578

0.894541

2.29581

8.18781

0.90052

2.27866

8.16

0.906486

2.26171

8.13236

0.912442

2.24493

8.10489

0.918386

2.22835

8.07759

0.924319

2.21194

8.05045

0.930241

2.1957

8.02347

0.936152

2.17965

7.99666

0.942053

2.16376

7.97001

0.947943

2.14805

7.94351

0.953823

2.1325

7.91718

0.959693

2.11712

7.891

0.965552

2.1019

7.86498

0.971402

2.08684

7.83912

0.977242

2.07194

7.81341

0.983072

2.05719

7.78785

0.988893

2.0426

7.76245

0.994704

2.02817

7.73719

1.00051

2.01388

7.71208

1.0063

1.99974

7.68713

1.01208

1.98574

7.66231

1.01786

1.97189

7.63765

1.02362

1.95819

7.61313

1.02938

1.94462

7.58875

1.03513

1.93119

7.56452

1.04087

1.9179

7.54043

1.0466

1.90474

7.51648

1.05232

1.89171

7.49267

1.05804

1.87882

7.46899

1.06375

1.86605

7.44546

1.06945

1.85342

7.42206

1.07514

1.84091

7.39879

1.08082

1.82852

7.37566

1.0865

1.81625

7.35267

1.09217

1.80411

7.3298

1.09783

1.79209

7.30707

1.10348

1.78018

7.28446

1.10913

1.76839

7.26199

1.11476

1.75672

7.23964

1.1204

1.74516

7.21743

1.12602

1.73371

7.19533

1.13164

1.72237

7.17337

1.13725

1.71115

7.15152

1.14285

1.70003

7.12981

1.14845

1.68901

7.10821

1.15404

1.67811

7.08673

1.15962

1.6673

7.06538

1.1652

1.6566

7.04415

1.17077

1.646

7.02303

1.17634

1.6355

7.00203

1.18189

1.6251

6.98115

1.18745

1.61479

6.96039

1.19299

1.60459

6.93974

1.19853

1.59447

6.9192

1.20406

1.58446

6.89878

1.20959

1.57453

6.87847

1.21511

1.5647

6.85828

1.22063

1.55496

6.83819

1.22614

1.5453

6.81821

1.23164

1.53574

6.79835

1.23714

1.52626

6.77859

1.24264

1.51687

6.75894

1.24812

1.50757

6.7394

1.25361

1.49835

6.71996

1.25908

1.48921

6.70063

1.26455

1.48015

6.6814

1.27002

1.47118

6.66228

1.27548

1.46229

6.64326

1.28094

1.45347

6.62434

1.28639

1.44474

6.60552

1.29183

1.43608

6.58681

1.29727

1.4275

6.56819

1.30271

1.41899

6.54967

1.30814

1.41056

6.53125

1.31356

1.40221

6.51293

1.31899

1.39392

6.49471

1.3244

1.38571

6.47658

1.32981

1.37757

6.45855

1.33522

1.36951

6.44062

1.34062

1.36151

6.42277

1.34602

1.35358

6.40502

1.35141

1.34572

6.38737

1.3568

1.33793

6.36981

1.36218

1.3302

6.35233

1.36756

1.32254

6.33495

1.37294

1.31494

6.31766

1.37831

1.30741

6.30046

1.38368

1.29995

6.28335

1.38904

1.29254

6.26632

1.3944

1.2852

6.24939

1.39975

1.27792

6.23254

1.4051

1.2707

6.21577

1.41045

1.26355

6.19909

1.41579

1.25645

6.1825

1.42113

1.24941

6.16599

1.42646

1.24243

6.14957

1.43179

1.23551

6.13323

1.43712

1.22864

6.11697

1.44244

1.22183

6.10079

1.44776

1.21508

6.0847

1.45307

1.20838

6.06869

1.45838

1.20174

6.05275

1.46369

1.19515

6.0369

1.469

1.18861

6.02112

1.4743

1.18213

6.00543

1.47959

1.1757

5.98981

1.48488

1.16932

5.97427

1.49017

1.16299

5.95881

1.49546

1.15672

5.94342

1.50074

1.15049

5.92811

1.50602

1.14432

5.91288

1.5113

1.13819

5.89772

1.51657

1.13211

5.88263

1.52184

1.12608

5.86762

1.5271

1.1201

5.85268

1.53236

1.11416

5.83782

1.53762

1.10827

5.82302

1.54288

1.10243

5.8083

1.54813

1.09663

5.79365

1.55338

1.09088

5.77907

1.55863

1.08517

5.76456

1.56387

1.07951

5.75012

1.56911

1.07389

5.73575

1.57435

1.06832

5.72145

1.57958

1.06278

5.70722

1.58481

1.05729

5.69306

1.59004

1.05185

5.67896

1.59526

1.04644

5.66493

1.60049

1.04108

5.65097

1.60571

1.03575

5.63707

1.61092

1.03047

5.62324

1.61613

1.02522

5.60947

1.62134

1.02002

5.59577

1.62655

1.01486

5.58214

1.63176

1.00973

5.56856

1.63696

1.00464

5.55505

1.64216

0.999592

5.54161

1.64736

0.99458

5.52823

1.65255

0.989606

5.5149

1.65774

0.984668

5.50164

1.66293

0.979767

5.48845

1.66811

0.974903

5.47531

1.6733

0.970074

5.46223

1.67848

0.96528

5.44922

1.68366

0.960522

5.43626

1.68883

0.955799

5.42336

1.69401

0.95111

5.41053

1.69918

0.946456

5.39775

1.70434

0.941835

5.38503

-0.775788

11.8819

14.2986

-0.741337

11.7327

14.2929

-0.708623

11.5853

14.2848

-0.67749

11.4395

14.2743

-0.6478

11.2955

14.2615

-0.619432

11.1533

14.2467

-0.592278

11.0128

14.2299

-0.566241

10.8741

14.2111

-0.541235

10.7373

14.1905

-0.517182

10.6023

14.1682

-0.494014

10.4691

14.1443

-0.471667

10.3377

14.1188

-0.450085

10.2081

14.0918

-0.429216

10.0804

14.0635

-0.409012

9.95445

14.0338

-0.389432

9.83032

14.0029

-0.370436

9.70797

13.9708

-0.351988

9.58741

13.9376

-0.334056

9.46862

13.9034

-0.316609

9.35157

13.8681

-0.29962

9.23626

13.8319

-0.283063

9.12267

13.7949

-0.266914

9.01078

13.757

-0.251152

8.90057

13.7184

-0.235755

8.79202

13.679

-0.220706

8.68512

13.639

-0.205986

8.57984

13.5983

-0.191579

8.47616

13.557

-0.17747

8.37407

13.5152

-0.163645

8.27353

13.4729

-0.15009

8.17454

13.4301

-0.136793

8.07706

13.3869

-0.123743

7.98107

13.3432

-0.110928

7.88656

13.2992

-0.0983372

7.7935

13.2548

-0.0859621

7.70187

13.2101

-0.0737932

7.61165

13.1652

-0.0618219

7.52282

13.1199

-0.0500402

7.43534

13.0745

-0.0384403

7.34921

13.0288

-0.027015

7.2644

12.9829

-0.0157576

7.18089

12.9369

-0.00466157

7.09866

12.8907

0.00627923

7.01768

12.8444

0.0170706

6.93795

12.798

0.027718

6.85942

12.7515

0.0382267

6.7821

12.705

0.0486016

6.70594

12.6583

0.0588475

6.63095

12.6117

0.0689689

6.55709

12.565

0.07897

6.48435

12.5183

0.0888549

6.4127

12.4716

0.0986275

6.34214

12.4249

0.108292

6.27263

12.3783

0.11785

6.20417

12.3316

0.127308

6.13673

12.2851

0.136667

6.0703

12.2386

0.14593

6.00485

12.1921

0.155101

5.94038

12.1458

0.164183

5.87686

12.0995

0.173177

5.81428

12.0534

0.182088

5.75263

12.0073

0.190916

5.69188

11.9613

0.199666

5.63202

11.9155

0.208338

5.57303

11.8698

0.216935

5.51491

11.8242

0.225459

5.45763

11.7788

0.233913

5.40118

11.7335

0.242298

5.34554

11.6884

0.250616

5.29071

11.6434

0.258869

5.23666

11.5985

0.267058

5.18339

11.5539

0.275186

5.13088

11.5094

0.283254

5.07911

11.465

0.291263

5.02808

11.4209

0.299215

4.97777

11.3769

0.307112

4.92817

11.3331

0.314955

4.87927

11.2895

0.322744

4.83105

11.2461

0.330482

4.7835

11.2029

0.33817

4.73662

11.1598

0.345809

4.69039

11.117

0.3534

4.64479

11.0743

0.360945

4.59983

11.0319

0.368443

4.55548

10.9896

0.375897

4.51174

10.9476

0.383308

4.46859

10.9058

0.390676

4.42603

10.8641

0.398003

4.38405

10.8227

0.405288

4.34264

10.7815

0.412534

4.30178

10.7405

0.419742

4.26147

10.6997

0.426911

4.2217

10.6591

0.434043

4.18246

10.6187

0.441139

4.14375

10.5785

0.448199

4.10554

10.5385

0.455224

4.06784

10.4988

0.462215

4.03063

10.4592

0.469173

3.99391

10.4199

0.476098

3.95767

10.3808

0.482991

3.9219

10.3419

0.489853

3.8866

10.3032

0.496684

3.85175

10.2647

0.503484

3.81735

10.2265

0.510256

3.78339

10.1884

0.516998

3.74987

10.1505

0.523712

3.71677

10.1129

0.530398

3.6841

10.0755

0.537056

3.65183

10.0383

0.543688

3.61998

10.0013

0.550294

3.58852

9.96448

0.556874

3.55746

9.9279

0.563429

3.52679

9.89152

0.569958

3.4965

9.85535

0.576464

3.46658

9.81939

0.582945

3.43703

9.78363

0.589403

3.40785

9.74808

0.595838

3.37903

9.71273

0.602251

3.35055

9.67759

0.608641

3.32243

9.64265

0.615009

3.29465

9.60792

0.621356

3.2672

9.57338

0.627681

3.24008

9.53904

0.633986

3.21329

9.50491

0.640271

3.18682

9.47097

0.646535

3.16067

9.43723

0.65278

3.13483

9.40369

0.659006

3.10929

9.37034

0.665212

3.08406

9.33719

0.6714

3.05913

9.30423

0.67757

3.03448

9.27146

0.683721

3.01013

9.23888

0.689855

2.98606

9.2065

0.695971

2.96227

9.17431

0.702069

2.93875

9.1423

0.708151

2.91551

9.11048

0.714216

2.89253

9.07885

0.720265

2.86982

9.0474

0.726298

2.84737

9.01614

0.732315

2.82517

8.98506

0.738316

2.80322

8.95416

0.744301

2.78153

8.92345

0.750272

2.76007

8.89291

0.756227

2.73886

8.86255

0.762168

2.71789

8.83237

0.768095

2.69715

8.80237

0.774007

2.67664

8.77254

0.779905

2.65636

8.74289

0.785789

2.63631

8.71341

0.791659

2.61647

8.6841

0.797516

2.59685

8.65496

0.80336

2.57745

8.62599

0.809191

2.55826

8.59719

0.815009

2.53928

8.56856

0.820814

2.5205

8.5401

0.826607

2.50193

8.5118

0.832387

2.48355

8.48366

0.838156

2.46538

8.45569

0.843912

2.4474

8.42788

0.849656

2.42961

8.40023

0.855389

2.41201

8.37274

0.86111

2.39459

8.34541

0.866821

2.37737

8.31824

0.872519

2.36032

8.29123

0.878207

2.34345

8.26437

0.883884

2.32676

8.23766

0.88955

2.31024

8.21111

0.895206

2.29389

8.18471

0.900851

2.27772

8.15846

0.906486

2.26171

8.13236

0.912111

2.24586

8.10642

0.917726

2.23018

8.08061

0.923331

2.21466

8.05496

0.928926

2.1993

8.02945

0.934511

2.18409

8.00409

0.940087

2.16904

7.97887

0.945654

2.15414

7.9538

0.951211

2.13939

7.92887

0.956759

2.12479

7.90407

0.962298

2.11033

7.87942

0.967828

2.09602

7.85491

0.97335

2.08185

7.83053

0.978862

2.06783

7.80629

0.984367

2.05394

7.78219

0.989862

2.04019

7.75823

0.995349

2.02657

7.73439

1.00083

2.01309

7.71069

1.0063

1.99974

7.68713

1.01176

1.98652

7.66369

1.01722

1.97343

7.64038

1.02266

1.96046

7.61721

1.0281

1.94762

7.59416

1.03353

1.93491

7.57124

1.03896

1.92231

7.54844

1.04437

1.90984

7.52578

1.04978

1.89749

7.50323

1.05518

1.88525

7.48081

1.06058

1.87313

7.45852

1.06596

1.86112

7.43634

1.07134

1.84923

7.41429

1.07672

1.83745

7.39235

1.08208

1.82578

7.37054

1.08744

1.81422

7.34885

1.09279

1.80277

7.32727

1.09814

1.79142

7.30581

1.10348

1.78018

7.28446

1.10881

1.76905

7.26324

1.11414

1.75801

7.24212

1.11946

1.74708

7.22112

1.12477

1.73625

7.20023

1.13008

1.72551

7.17946

1.13538

1.71488

7.15879

1.14067

1.70434

7.13824

1.14596

1.6939

7.11779

1.15125

1.68355

7.09746

1.15652

1.67329

7.07723

1.16179

1.66313

7.05711

1.16706

1.65305

7.03709

1.17232

1.64307

7.01718

1.17757

1.63318

6.99738

1.18282

1.62337

6.97768

1.18806

1.61365

6.95809

1.1933

1.60402

6.93859

1.19853

1.59447

6.9192

1.20376

1.58501

6.89991

1.20898

1.57563

6.88072

1.21419

1.56633

6.86163

1.2194

1.55711

6.84264

1.22461

1.54798

6.82375

1.22981

1.53892

6.80496

1.235

1.52994

6.78626

1.24019

1.52103

6.76766

1.24538

1.51221

6.74915

1.25056

1.50346

6.73074

1.25574

1.49478

6.71243

1.26091

1.48618

6.69421

1.26607

1.47765

6.67608

1.27123

1.4692

6.65804

1.27639

1.46081

6.6401

1.28154

1.4525

6.62224

1.28669

1.44425

6.60448

1.29183

1.43608

6.58681

1.29697

1.42797

6.56922

1.3021

1.41993

6.55173

1.30723

1.41196

6.53432

1.31236

1.40406

6.517

1.31748

1.39622

6.49976

1.3226

1.38844

6.48262

1.32771

1.38073

6.46555

1.33282

1.37308

6.44858

1.33792

1.3655

6.43168

1.34302

1.35798

6.41487

1.34812

1.35051

6.39815

1.35321

1.34311

6.3815

1.3583

1.33577

6.36494

1.36338

1.32849

6.34846

1.36846

1.32127

6.33206

1.37354

1.3141

6.31574

1.37861

1.307

6.29951

1.38368

1.29995

6.28335

1.38874

1.29295

6.26727

1.3938

1.28601

6.25126

1.39886

1.27913

6.23534

1.40391

1.2723

6.21949

1.40896

1.26553

6.20372

1.41401

1.25881

6.18802

1.41905

1.25214

6.1724

1.42409

1.24552

6.15686

1.42913

1.23896

6.14139

1.43416

1.23245

6.12599

1.43919

1.22599

6.11067

1.44421

1.21957

6.09542

1.44924

1.21321

6.08024

1.45425

1.2069

6.06514

1.45927

1.20063

6.0501

1.46428

1.19442

6.03514

1.46929

1.18825

6.02025

1.4743

1.18213

6.00543

1.4793

1.17606

5.99068

1.4843

1.17003

5.97599

1.48929

1.16405

5.96138

1.49429

1.15811

5.94683

1.49927

1.15222

5.93236

1.50426

1.14637

5.91795

1.50925

1.14057

5.9036

1.51423

1.13481

5.88933

1.5192

1.12909

5.87512

1.52418

1.12341

5.86097

1.52915

1.11778

5.84689

1.53412

1.11219

5.83288

1.53908

1.10665

5.81893

1.54405

1.10114

5.80504

1.54901

1.09567

5.79122

1.55396

1.09024

5.77746

1.55892

1.08486

5.76376

1.56387

1.07951

5.75012

1.56882

1.0742

5.73655

1.57377

1.06893

5.72304

1.57871

1.0637

5.70959

1.58365

1.05851

5.6962

1.58859

1.05336

5.68287

-0.996658

12.701

14.2827

-0.951672

12.552

14.2917

-0.909439

12.4042

14.2979

-0.869674

12.2578

14.3014

-0.832131

12.1127

14.3023

-0.796597

11.969

14.3008

-0.762883

11.8267

14.2968

-0.730827

11.686

14.2906

-0.700283

11.5467

14.2822

-0.671124

11.409

14.2718

-0.643236

11.2729

14.2593

-0.616518

11.1384

14.245

-0.59088

11.0055

14.2289

-0.566241

10.8741

14.2111

-0.542526

10.7445

14.1917

-0.519671

10.6164

14.1707

-0.497616

10.49

14.1482

-0.476307

10.3652

14.1243

-0.455694

10.242

14.0991

-0.435732

10.1205

14.0726

-0.416381

10.0006

14.0449

-0.397603

9.88236

14.0161

-0.379364

9.7657

13.9862

-0.361631

9.65064

13.9552

-0.344377

9.53718

13.9233

-0.327573

9.42529

13.8905

-0.311196

9.31497

13.8568

-0.295222

9.2062

13.8223

-0.27963

9.09897

13.787

-0.2644

8.99326

13.751

-0.249514

8.88906

13.7143

-0.234955

8.78636

13.6769

-0.220706

8.68512

13.639

-0.206753

8.58534

13.6005

-0.193081

8.487

13.5614

-0.179679

8.39009

13.5219

-0.166533

8.29457

13.4819

-0.153632

8.20044

13.4414

-0.140965

8.10768

13.4006

-0.128523

8.01626

13.3593

-0.116295

7.92618

13.3178

-0.104274

7.83741

13.2759

-0.092449

7.74992

13.2337

-0.0808137

7.66372

13.1912

-0.0693602

7.57876

13.1485

-0.0580813

7.49505

13.1056

-0.0469702

7.41255

13.0625

-0.0360207

7.33125

13.0192

-0.0252266

7.25113

12.9757

-0.0145821

7.17218

12.9321

-0.00408192

7.09437

12.8883

0.00627923

7.01768

12.8444

0.0165062

6.94211

12.8005

0.0266038

6.86763

12.7564

0.0365764

6.79423

12.7123

0.0464283

6.72188

12.6682

0.0561635

6.65057

12.624

0.0657858

6.58029

12.5797

0.0752991

6.51102

12.5355

0.0847067

6.44274

12.4913

0.0940121

6.37543

12.447

0.103219

6.30908

12.4028

0.112329

6.24368

12.3586

0.121346

6.1792

12.3145

0.130274

6.11564

12.2704

0.139113

6.05298

12.2264

0.147868

5.9912

12.1824

0.156541

5.93029

12.1385

0.165134

5.87023

12.0947

0.173648

5.81102

12.0509

0.182088

5.75263

12.0073

0.190454

5.69505

11.9638

0.198748

5.63828

11.9203

0.206973

5.58229

11.877

0.215131

5.52707

11.8338

0.223223

5.47262

11.7907

0.231251

5.41891

11.7478

0.239217

5.36594

11.705

0.247122

5.3137

11.6623

0.254968

5.26216

11.6198

0.262756

5.21133

11.5774

0.270488

5.16119

11.5351

0.278165

5.11172

11.493

0.285789

5.06292

11.4511

0.293361

5.01477

11.4093

0.300882

4.96727

11.3677

0.308354

4.9204

11.3262

0.315777

4.87416

11.2849

0.323153

4.82853

11.2438

0.330482

4.7835

11.2029

0.337767

4.73907

11.1621

0.345007

4.69522

11.1215

0.352205

4.65195

11.0811

0.35936

4.60924

11.0408

0.366474

4.56709

11.0007

0.373548

4.52548

10.9609

0.380583

4.48442

10.9212

0.387579

4.44388

10.8816

0.394537

4.40387

10.8423

0.401459

4.36437

10.8031

0.408344

4.32537

10.7642

0.415194

4.28687

10.7254

0.42201

4.24886

10.6868

0.428791

4.21133

10.6484

0.43554

4.17427

10.6102

0.442256

4.13768

10.5722

0.44894

4.10155

10.5343

0.455593

4.06587

10.4967

0.462215

4.03063

10.4592

0.468808

3.99583

10.422

0.475371

3.96146

10.3849

0.481905

3.92752

10.348

0.488411

3.89399

10.3113

0.494889

3.86088

10.2748

0.50134

3.82817

10.2385

0.507764

3.79585

10.2024

0.514163

3.76393

10.1665

0.520535

3.7324

10.1307

0.526882

3.70124

10.0952

0.533205

3.67046

10.0598

0.539503

3.64005

10.0246

0.545777

3.61

9.98964

0.552028

3.58031

9.95484

0.558256

3.55097

9.92022

0.564461

3.52198

9.8858

0.570644

3.49333

9.85156

0.576806

3.46501

9.8175

0.582945

3.43703

9.78363

0.589064

3.40938

9.74995

0.595162

3.38204

9.71645

0.60124

3.35503

9.68313

0.607297

3.32832

9.64999

0.613335

3.30192

9.61704

0.619354

3.27583

9.58426

0.625353

3.25003

9.55167

0.631334

3.22453

9.51926

0.637296

3.19932

9.48702

0.643241

3.1744

9.45496

0.649167

3.14975

9.42308

0.655076

3.12539

9.39138

0.660968

3.10129

9.35985

0.666843

3.07747

9.32849

0.672701

3.05391

9.29731

0.678542

3.03062

9.2663

0.684367

3.00758

9.23547

0.690177

2.9848

9.2048

0.695971

2.96227

9.17431

0.701749

2.93998

9.14398

0.707512

2.91794

9.11382

0.71326

2.89614

9.08383

0.718993

2.87458

9.05401

0.724712

2.85325

9.02435

0.730416

2.83215

8.99486

0.736107

2.81128

8.96553

0.741783

2.79063

8.93636

0.747446

2.77021

8.90735

0.753095

2.75

8.87851

0.758731

2.73

8.84982

0.764353

2.71022

8.8213

0.769963

2.69065

8.79293

0.77556

2.67128

8.76472

0.781145

2.65212

8.73667

0.786717

2.63316

8.70877

0.792276

2.61439

8.68102

0.797824

2.59583

8.65343

0.80336

2.57745

8.62599

0.808884

2.55926

8.59871

0.814397

2.54127

8.57157

0.819898

2.52345

8.54458

0.825388

2.50582

8.51774

0.830867

2.48837

8.49105

0.836335

2.4711

8.46451

0.841792

2.454

8.43811

0.847239

2.43708

8.41185

0.852675

2.42032

8.38575

0.858101

2.40374

8.35978

0.863516

2.38732

8.33395

0.868921

2.37106

8.30827

0.874317

2.35497

8.28273

0.879702

2.33904

8.25732

0.885078

2.32326

8.23206

0.890444

2.30765

8.20693

0.895801

2.29218

8.18194

0.901148

2.27687

8.15708

0.906486

2.26171

8.13236

0.911815

2.24669

8.10778

0.917135

2.23182

8.08332

0.922446

2.2171

8.059

0.927749

2.20252

8.03481

0.933042

2.18808

8.01075

0.938327

2.17377

7.98682

0.943604

2.15961

7.96302

0.948872

2.14558

7.93935

0.954132

2.13169

7.9158

0.959384

2.11792

7.89238

0.964628

2.10429

7.86908

0.969864

2.09079

7.84591

0.975092

2.07741

7.82286

0.980312

2.06416

7.79994

0.985524

2.05103

7.77714

0.990729

2.03803

7.75445

0.995926

2.02515

7.73189

1.00112

2.01238

7.70945

1.0063

1.99974

7.68713

1.01147

1.98721

7.66492

1.01664

1.9748

7.64283

1.0218

1.9625

7.62086

1.02696

1.95032

7.599

1.0321

1.93824

7.57726

1.03725

1.92628

7.55563

1.04238

1.91442

7.53411

1.04751

1.90267

7.51271

1.05263

1.89103

7.49142

1.05774

1.87949

7.47024

1.06285

1.86806

7.44916

1.06795

1.85673

7.4282

1.07304

1.8455

7.40735

1.07813

1.83437

7.3866

1.08321

1.82334

7.36596

1.08829

1.81241

7.34543

1.09336

1.80157

7.325

1.09842

1.79083

7.30468

1.10348

1.78018

7.28446

1.10853

1.76963

7.26435

1.11358

1.75917

7.24434

1.11862

1.7488

7.22443

1.12365

1.73852

7.20462

1.12868

1.72833

7.18491

1.13371

1.71823

7.16531

1.13872

1.70821

7.1458

1.14374

1.69828

7.12639

1.14874

1.68844

7.10708

1.15375

1.67868

7.08786

1.15874

1.669

7.06874

1.16373

1.65941

7.04972

1.16872

1.64989

7.0308

1.1737

1.64046

7.01196

1.17868

1.63111

6.99323

1.18365

1.62183

6.97458

1.18861

1.61264

6.95603

1.19357

1.60352

6.93757

1.19853

1.59447

6.9192

1.20348

1.58551

6.90092

1.20843

1.57661

6.88274

1.21337

1.56779

6.86464

1.21831

1.55905

6.84663

1.22324

1.55037

6.82871

1.22817

1.54177

6.81088

1.23309

1.53324

6.79314

1.23801

1.52477

6.77548

1.24292

1.51638

6.75791

1.24783

1.50805

6.74042

1.25274

1.4998

6.72302

1.25764

1.4916

6.7057

1.26254

1.48348

6.68847

1.26743

1.47542

6.67132

1.27232

1.46742

6.65426

1.2772

1.45949

6.63727

1.28208

1.45163

6.62037

1.28696

1.44382

6.60355

1.29183

1.43608

6.58681

1.2967

1.4284

6.57014

1.30156

1.42078

6.55356

1.30642

1.41322

6.53706

1.31128

1.40572

6.52064

1.31613

1.39827

6.50429

1.32098

1.39089

6.48802

1.32583

1.38356

6.47183

1.33067

1.3763

6.45571

1.3355

1.36908

6.43967

1.34034

1.36193

6.42371

1.34517

1.35483

6.40782

1.34999

1.34778

6.39201

1.35482

1.34079

6.37627

1.35963

1.33385

6.3606

1.36445

1.32697

6.345

1.36926

1.32013

6.32948

1.37407

1.31335

6.31403

1.37888

1.30662

6.29865

1.38368

1.29995

6.28335

1.38848

1.29332

6.26811

1.39327

1.28674

6.25294

1.39806

1.28021

6.23785

1.40285

1.27374

6.22282

1.40763

1.26731

6.20786

1.41242

1.26092

6.19297

1.41719

1.25459

6.17815

1.42197

1.2483

6.16339

1.42674

1.24206

6.14871

1.43151

1.23587

6.13409

1.43628

1.22972

6.11953

1.44104

1.22362

6.10504

1.4458

1.21756

6.09062

1.45056

1.21155

6.07626

1.45531

1.20558

6.06197

1.46006

1.19965

6.04774

1.46481

1.19377

6.03357

1.46955

1.18793

6.01947

1.4743

1.18213

6.00543

1.47903

1.17637

5.99145

1.48377

1.17066

5.97754

-1.28014

13.4693

14.1896

-1.21795

13.323

14.2136

-1.16043

13.1775

14.2345

-1.10703

13.0327

14.2523

-1.05727

12.8888

14.2673

-1.01074

12.7459

14.2794

-0.967088

12.604

14.2889

-0.926021

12.4632

14.2958

-0.88728

12.3235

14.3002

-0.850639

12.1851

14.3022

-0.815904

12.0478

14.3019

-0.782902

11.9119

14.2995

-0.751483

11.7773

14.2949

-0.721511

11.644

14.2883

-0.692868

11.5122

14.2798

-0.665448

11.3817

14.2694

-0.639156

11.2526

14.2573

-0.613908

11.125

14.2435

-0.589625

10.9989

14.2281

-0.566241

10.8741

14.2111

-0.543691

10.7509

14.1927

-0.52192

10.6291

14.1728

-0.500876

10.5088

14.1516

-0.480511

10.39

14.1292

-0.460784

10.2727

14.1055

-0.441654

10.1568

14.0807

-0.423087

10.0424

14.0547

-0.405048

9.92948

14.0277

-0.387507

9.818

13.9997

-0.370436

9.70797

13.9708

-0.353809

9.59939

13.941

-0.337603

9.49223

13.9103

-0.321794

9.3865

13.8788

-0.306363

9.28218

13.8465

-0.291289

9.17925

13.8135

-0.276556

9.07771

13.7798

-0.262146

8.97754

13.7455

-0.248044

8.87873

13.7106

-0.234235

8.78126

13.675

-0.220706

8.68512

13.639

-0.207443

8.5903

13.6024

-0.194436

8.49677

13.5653

-0.181672

8.40453

13.5278

-0.169142

8.31356

13.4899

-0.156835

8.22385

13.4516

-0.144741

8.13537

13.4129

-0.132853

8.04811

13.3738

-0.121161

7.96206

13.3344

-0.109659

7.87719

13.2948

-0.0983372

7.7935

13.2548

-0.0871902

7.71097

13.2146

-0.0762109

7.62958

13.1742

-0.065393

7.54932

13.1335

-0.0547306

7.47017

13.0927

-0.0442179

7.39211

13.0517

-0.0338496

7.31513

13.0105

-0.0236205

7.23921

12.9691

-0.0135257

7.16434

12.9277

-0.0035606

7.0905

12.8861

0.00627923

7.01768

12.8444

0.015998

6.94586

12.8027

0.0255998

6.87503

12.7608

0.0350883

6.80517

12.7189

0.0444674

6.73627

12.677

0.0537404

6.6683

12.635

0.0629108

6.60127

12.593

0.0719816

6.53515

12.551

0.0809561

6.46993

12.5089

0.0898371

6.4056

12.4669

0.0986275

6.34214

12.4249

0.10733

6.27953

12.3829

0.115947

6.21778

12.341

0.124481

6.15685

12.299

0.132935

6.09675

12.2572

0.14131

6.03745

12.2154

0.149609

5.97895

12.1736

0.157835

5.92123

12.1319

0.165988

5.86427

12.0903

0.174072

5.80808

12.0487

0.182088

5.75263

12.0073

0.190037

5.69791

11.9659

0.197922

5.64392

11.9247

0.205744

5.59064

11.8835

0.213505

5.53806

11.8424

0.221206

5.48616

11.8015

0.228849

5.43495

11.7607

0.236436

5.3844

11.7199

0.243967

5.33451

11.6793

0.251444

5.28527

11.6389

0.258869

5.23666

11.5985

0.266242

5.18868

11.5583

0.273565

5.14132

11.5183

0.28084

5.09456

11.4783

0.288066

5.0484

11.4385

0.295246

5.00284

11.3989

0.302381

4.95785

11.3594

0.30947

4.91343

11.32

0.316517

4.86957

11.2808

0.32352

4.82626

11.2418

0.330482

4.7835

11.2029

0.337404

4.74128

11.1641

0.344285

4.69958

11.1255

0.351128

4.6584

11.0871

0.357932

4.61774

11.0488

0.3647

4.57758

11.0107

0.37143

4.53791

10.9728

0.378125

4.49873

10.935

0.384785

4.46003

10.8974

0.391411

4.42181

10.86

0.398003

4.38405

10.8227

0.404562

4.34676

10.7856

0.411088

4.30991

10.7486

0.417584

4.27351

10.7119

0.424048

4.23755

10.6753

0.430482

4.20202

10.6388

0.436886

4.16692

10.6026

0.443261

4.13223

10.5665

0.449607

4.09796

10.5306

0.455925

4.06409

10.4948

0.462215

4.03063

10.4592

0.468479

3.99756

10.4238

0.474716

3.96488

10.3886

0.480927

3.93259

10.3535

0.487112

3.90067

10.3186

0.493272

3.86912

10.2839

0.499408

3.83794

10.2494

0.505519

3.80712

10.215

0.511606

3.77665

10.1808

0.517671

3.74654

10.1468

0.523712

3.71677

10.1129

0.52973

3.68734

10.0792

0.535727

3.65825

10.0457

0.541702

3.62949

10.0124

0.547655

3.60106

9.97918

0.553587

3.57294

9.94616

0.559499

3.54514

9.91332

0.56539

3.51766

9.88065

0.571261

3.49048

9.84814

0.577113

3.46361

9.8158

0.582945

3.43703

9.78363

0.588759

3.41075

9.75163

0.594553

3.38476

9.71979

0.600329

3.35906

9.68811

0.606087

3.33364

9.6566

0.611827

3.30849

9.62526

0.61755

3.28363

9.59408

0.623256

3.25903

9.56306

0.628944

3.2347

9.5322

0.634616

3.21063

9.5015

0.640271

3.18682

9.47097

0.64591

3.16327

9.44059

0.651533

3.13997

9.41038

0.65714

3.11692

9.38032

0.662732

3.09412

9.35042

0.668309

3.07156

9.32068

0.67387

3.04923

9.2911

0.679417

3.02715

9.26167

0.684949

3.00529

9.23239

0.690467

2.98367

9.20327

0.695971

2.96227

9.17431

0.70146

2.94109

9.14549

0.706936

2.92014

9.11683

0.712399

2.8994

9.08832

0.717848

2.87887

9.05996

0.723284

2.85856

9.03175

0.728706

2.83846

9.00369

0.734117

2.81856

8.97577

0.739514

2.79886

8.94801

0.744899

2.77937

8.92039

0.750272

2.76007

8.89291

0.755632

2.74097

8.86558

0.760981

2.72207

8.83839

0.766318

2.70335

8.81135

0.771643

2.68482

8.78445

0.776957

2.66647

8.75769

0.78226

2.64831

8.73107

0.787551

2.63033

8.7046

0.792832

2.61253

8.67826

0.798101

2.5949

8.65206

0.80336

2.57745

8.62599

0.808609

2.56017

8.60007

0.813846

2.54306

8.57428

0.819074

2.52611

8.54862

0.824291

2.50933

8.5231

0.829499

2.49272

8.49771

0.834696

2.47626

8.47245

0.839884

2.45996

8.44733

0.845062

2.44382

8.42234

0.85023

2.42784

8.39748

0.855389

2.41201

8.37274

0.860539

2.39633

8.34814

0.865679

2.3808

8.32366

0.870811

2.36541

8.29931

0.875933

2.35017

8.27509

0.881047

2.33508

8.25099

0.886152

2.32013

8.22702

0.891248

2.30532

8.20317

0.896336

2.29064

8.17945

0.901415

2.27611

8.15585

0.906486

2.26171

8.13236

0.911549

2.24744

8.109

0.916604

2.2333

8.08576

0.92165

2.2193

8.06264

0.926689

2.20542

8.03964

0.93172

2.19167

8.01676

0.936743

2.17805

7.99399

0.941758

2.16455

7.97134

0.946766

2.15118

7.9488

0.951766

2.13792

7.92638

0.956759

2.12479

7.90407

0.961745

2.11177

7.88188

0.966723

2.09887

7.8598

0.971694

2.08609

7.83783

0.976658

2.07342

7.81597

0.981616

2.06087

7.79423

0.986566

2.04842

7.77259

0.991509

2.03609

7.75106

0.996446

2.02386

7.72964

1.00138

2.01175

7.70833

1.0063

1.99974

7.68713

1.01122

1.98783

7.66603

1.01613

1.97603

7.64503

1.02103

1.96434

7.62415

1.02593

1.95274

7.60336

1.03082

1.94125

7.58268

1.0357

1.92985

7.5621

1.04058

1.91856

7.54163

1.04546

1.90736

7.52126

1.05032

1.89626

7.50098

1.05518

1.88525

7.48081

1.06004

1.87434

7.46074

1.06489

1.86352

7.44077

1.06973

1.85279

7.42089

1.07457

1.84215

7.40111

1.0794

1.8316

7.38143

1.08423

1.82115

7.36185

1.08905

1.81078

7.34236

1.09386

1.80049

7.32297

1.09867

1.79029

7.30367

1.10348

1.78018

7.28446

1.10828

1.77015

7.26535

1.11307

1.76021

7.24634

1.11786

1.75035

7.22741

1.12265

1.74057

7.20857

1.12743

1.73087

7.18983

1.1322

1.72125

7.17118

1.13697

1.71171

7.15261

1.14173

1.70224

7.13414

1.14649

1.69286

7.11575

1.15125

1.68355

7.09746

1.15599

1.67431

7.07925

1.16074

1.66515

7.06112

1.16548

1.65607

7.04309

1.17021

1.64705

7.02514

1.17494

1.63811

7.00727

1.17967

1.62925

6.98949

1.18439

1.62045

6.97179

1.18911

1.61172

6.95418

1.19382

1.60306

6.93665

1.19853

1.59447

6.9192

1.20323

1.58595

6.90184

1.20793

1.5775

6.88455

1.21263

1.56911

6.86735

1.21732

1.56079

6.85023

1.22201

1.55253

6.83319

1.22669

1.54434

6.81622

1.23137

1.53621

6.79934

1.23604

1.52815

6.78253

1.24071

1.52015

6.7658

1.24538

1.51221

6.74915

1.25004

1.50433

6.73258

1.2547

1.49651

6.71608

1.25936

1.48875

6.69966

1.26401

1.48105

6.68332

1.26865

1.47341

6.66705

1.2733

1.46583

6.65085

1.27794

1.45831

6.63473

1.28257

1.45084

6.61868

1.2872

1.44343

6.60271

1.29183

1.43608

6.58681

1.29646

1.42878

6.57098

1.30108

1.42154

6.55522

1.3057

1.41435

6.53953

1.31031

1.40721

6.52392

1.31492

1.40013

6.50837

1.31953

1.3931

6.49289

1.32413

1.38612

6.47749

1.32873

1.3792

6.46215

1.33333

1.37232

6.44688

1.33792

1.3655

6.43168

1.34251

1.35873

6.41655

1.3471

1.352

6.40149

1.35168

1.34533

6.38649

1.35626

1.3387

6.37156

1.36084

1.33212

6.35669

1.36541

1.32559

6.34189

1.36998

1.31911

6.32716

1.37455

1.31268

6.31249

1.37912

1.30629

6.29789

1.38368

1.29995

6.28335

1.38824

1.29365

6.26887

-1.67118

14.1788

14.0267

-1.57835

14.0379

14.0655

-1.49431

13.897

14.101

-1.41777

13.7564

14.1333

-1.3477

13.6161

14.1623

-1.28323

13.4763

14.1884

-1.22366

13.3369

14.2114

-1.16838

13.1982

14.2317

-1.11691

13.0602

14.2492

-1.06881

12.923

14.264

-1.02373

12.7866

14.2762

-0.981338

12.6512

14.286

-0.941378

12.5167

14.2935

-0.903614

12.3832

14.2986

-0.867838

12.2508

14.3015

-0.833872

12.1196

14.3023

-0.801557

11.9894

14.3011

-0.770754

11.8605

14.298

-0.741337

11.7327

14.2929

-0.713196

11.6062

14.2861

-0.686232

11.481

14.2775

-0.660356

11.357

14.2673

-0.635487

11.2343

14.2554

-0.611554

11.1129

14.2421

-0.588492

10.9929

14.2273

-0.566241

10.8741

14.2111

-0.544747

10.7567

14.1936

-0.523961

10.6407

14.1748

-0.503839

10.5259

14.1547

-0.48434

10.4125

14.1336

-0.465425

10.3005

14.1112

-0.447061

10.1898

14.0879

-0.429216

10.0804

14.0635

-0.411859

9.97233

14.0381

-0.394965

9.8656

14.0119

-0.378508

9.76019

13.9847

-0.362465

9.65609

13.9567

-0.346814

9.55329

13.9279

-0.331535

9.45179

13.8984

-0.316609

9.35157

13.8681

-0.30202

9.25263

13.8372

-0.287751

9.15495

13.8056

-0.273787

9.05852

13.7733

-0.260113

8.96334

13.7406

-0.246716

8.86939

13.7072

-0.233584

8.77665

13.6733

-0.220706

8.68512

13.639

-0.208069

8.59478

13.6042

-0.195664

8.50562

13.5689

-0.183481

8.41763

13.5332

-0.171511

8.33079

13.4971

-0.159745

8.24509

13.4607

-0.148175

8.16052

13.4239

-0.136793

8.07706

13.3869

-0.125593

7.9947

13.3495

-0.114566

7.91342

13.3118

-0.103706

7.83321

13.2739

-0.0930077

7.75406

13.2357

-0.0824646

7.67595

13.1973

-0.0720711

7.59888

13.1587

-0.0618219

7.52282

13.1199

-0.051712

7.44776

13.081

-0.0417364

7.37368

13.0419

-0.0318906

7.30059

13.0026

-0.0221703

7.22845

12.9632

-0.0125711

7.15727

12.9237

-0.00308923

7.08701

12.8841

0.00627923

7.01768

12.8444

0.0155379

6.94926

12.8047

0.0246902

6.88174

12.7648

0.0337396

6.81509

12.7249

0.0426892

6.74932

12.685

0.051542

6.6844

12.645

0.0603009

6.62033

12.605

0.0689689

6.55709

12.565

0.0775485

6.49467

12.525

0.0860423

6.43306

12.4849

0.0944528

6.37225

12.4449

0.102782

6.31222

12.4049

0.111033

6.25296

12.3649

0.119208

6.19447

12.325

0.127308

6.13673

12.2851

0.135336

6.07972

12.2452

0.143293

6.02345

12.2054

0.151182

5.96789

12.1656

0.159004

5.91304

12.126

0.166761

5.85889

12.0863

0.174455

5.80542

12.0468

0.182088

5.75263

12.0073

0.18966

5.7005

11.9679

0.197174

5.64903

11.9286

0.20463

5.59821

11.8894

0.212031

5.54802

11.8503

0.219378

5.49846

11.8112

0.226671

5.44951

11.7723

0.233913

5.40118

11.7335

0.241104

5.35344

11.6948

0.248246

5.30629

11.6562

0.25534

5.25973

11.6177

0.262386

5.21374

11.5794

0.269387

5.16831

11.5411

0.276342

5.12343

11.503

0.283254

5.07911

11.465

0.290122

5.03532

11.4272

0.296949

4.99207

11.3895

0.303734

4.94934

11.3519

0.31048

4.90713

11.3144

0.317186

4.86542

11.2771

0.323853

4.82422

11.2399

0.330482

4.7835

11.2029

0.337075

4.74328

11.166

0.343632

4.70353

11.1292

0.350153

4.66425

11.0926

0.356639

4.62544

11.0561

0.363092

4.58709

11.0198

0.369511

4.54919

10.9836

0.375897

4.51174

10.9476

0.382252

4.47472

10.9117

0.388575

4.43813

10.876

0.394868

4.40198

10.8404

0.40113

4.36624

10.805

0.407363

4.33091

10.7697

0.413566

4.29599

10.7346

0.419742

4.26147

10.6997

0.425889

4.22735

10.6648

0.432009

4.19362

10.6302

0.438102

4.16028

10.5957

0.444169

4.12731

10.5613

0.45021

4.09472

10.5272

0.456225

4.06249

10.4931

0.462215

4.03063

10.4592

0.468181

3.99913

10.4255

0.474123

3.96798

10.3919

0.480041

3.93718

10.3585

0.485936

3.90672

10.3253

0.491808

3.8766

10.2922

0.497657

3.84681

10.2592

0.503484

3.81735

10.2265

0.50929

3.78822

10.1938

0.515074

3.7594

10.1613

0.520838

3.7309

10.129

0.526581

3.70272

10.0969

0.532303

3.67484

10.0648

0.538006

3.64726

10.033

0.543688

3.61998

10.0013

0.549352

3.59299

9.96973

0.554997

3.5663

9.93833

0.560623

3.53989

9.90709

0.56623

3.51376

9.87599

0.57182

3.48791

9.84506

0.577391

3.46234

9.81427

0.582945

3.43703

9.78363

0.588482

3.412

9.75315

0.594002

3.38722

9.72281

0.599505

3.36271

9.69263

0.604992

3.33846

9.66259

0.610462

3.31446

9.63271

0.615917

3.2907

9.60297

0.621356

3.2672

9.57338

0.626779

3.24394

9.54394

0.632187

3.22091

9.51464

0.63758

3.19813

9.48549

0.642958

3.17558

9.45648

0.648322

3.15326

9.42763

0.653671

3.13116

9.39891

0.659006

3.10929

9.37034

0.664327

3.08765

9.34191

0.669634

3.06622

9.31362

0.674928

3.04501

9.28548

0.680208

3.02401

9.25748

0.685475

3.00322

9.22961

0.690729

2.98264

9.20189

0.695971

2.96227

9.17431

0.701199

2.94209

9.14686

0.706415

2.92212

9.11955

0.711619

2.90235

9.09238

0.716811

2.88277

9.06535

0.72199

2.86338

9.03845

0.727158

2.84418

9.01169

0.732315

2.82517

8.98506

0.737459

2.80634

8.95857

0.742593

2.7877

8.9322

0.747715

2.76924

8.90598

0.752826

2.75095

8.87988

0.757926

2.73285

8.85391

0.763016

2.71491

8.82808

0.768095

2.69715

8.80237

0.773163

2.67956

8.77679

0.778221

2.66213

8.75134

0.783269

2.64487

8.72602

0.788306

2.62778

8.70082

0.793334

2.61084

8.67576

0.798352

2.59407

8.65081

0.80336

2.57745

8.62599

0.808359

2.56099

8.6013

0.813348

2.54468

8.57673

0.818328

2.52852

8.55228

0.823298

2.51252

8.52795

0.82826

2.49666

8.50374

0.833212

2.48095

8.47966

0.838156

2.46538

8.45569

0.84309

2.44995

8.43184

0.848016

2.43467

8.40812

0.852934

2.41953

8.38451

0.857843

2.40452

8.36101

0.862743

2.38965

8.33763

0.867635

2.37492

8.31437

0.872519

2.36032

8.29123

0.877395

2.34585

8.26819

0.882263

2.33151

8.24528

0.887123

2.3173

8.22247

0.891976

2.30321

8.19978

0.89682

2.28925

8.1772

0.901657

2.27542

8.15472

0.906486

2.26171

8.13236

0.911308

2.24811

8.11011

0.916123

2.23464

8.08797

0.92093

2.22129

8.06594

0.92573

2.20806

8.04401

0.930523

2.19494

8.02219

0.935308

2.18193

8.00048

0.940087

2.16904

7.97887

0.944859

2.15626

7.95737

0.949624

2.14359

7.93597

0.954383

2.13103

7.91468

0.959134

2.11857

7.89349

0.963879

2.10623

7.8724

0.968618

2.09399

7.85142

0.97335

2.08185

7.83053

0.978075

2.06982

7.80975

0.982795

2.05789

7.78907

0.987508

2.04606

7.76848

0.992215

2.03434

7.748

0.996916

2.02271

7.72761

1.00161

2.01117

7.70732

1.0063

1.99974

7.68713

1.01098

1.9884

7.66703

1.01566

1.97715

7.64703

1.02033

1.966

7.62712

1.025

1.95494

7.60731

1.02965

1.94398

7.5876

1.03431

1.9331

7.56797

1.03896

1.92231

7.54844

1.0436

1.91161

7.52901

1.04824

1.901

7.50966

1.05287

1.89048

7.49041

1.0575

1.88004

7.47124

1.06212

1.86969

7.45217

1.06673

1.85942

7.43318

1.07134

1.84923

7.41429

1.07595

1.83913

7.39548

1.08055

1.82911

7.37676

1.08515

1.81916

7.35813

1.08974

1.8093

7.33958

1.09432

1.79952

7.32113

1.0989

1.78981

7.30275

1.10348

1.78018

7.28446

1.10805

1.77063

7.26626

1.11262

1.76115

7.24814

1.11718

1.75175

7.23011

1.12174

1.74242

7.21215

1.12629

1.73317

7.19429

1.13084

1.72399

7.1765

1.13538

1.71488

7.15879

1.13992

1.70584

7.14117

1.14445

1.69687

7.12362

1.14898

1.68797

7.10616

1.15351

1.67914

7.08877

1.15803

1.67038

7.07147

1.16255

1.66168

7.05424

1.16706

1.65305

7.03709

1.17157

1.64449

7.02002

1.17607

1.636

7.00303

1.18057

1.62757

6.98611

1.18507

1.6192

6.96927

1.18956

1.61089

6.95251

1.19405

1.60265

6.93582

1.19853

1.59447

6.9192

1.20301

1.58636

6.90266

1.20749

1.5783

6.8862

1.21196

1.57031

6.8698

1.21643

1.56237

6.85348

1.22089

1.55449

6.83724

1.22535

1.54668

6.82106

1.22981

1.53892

6.80496

1.23426

1.53122

6.78893

1.23871

1.52357

6.77296

1.24316

1.51598

6.75707

1.2476

1.50845

6.74125

1.25204

1.50097

6.7255

1.25647

1.49355

6.70982

1.26091

1.48618

6.69421

1.26533

1.47887

6.67866

1.26976

1.4716

6.66319

1.27418

1.4644

6.64778

1.2786

1.45724

6.63243

1.28301

1.45013

6.61716

1.28742

1.44308

6.60195

1.29183

1.43608

6.58681

1.29624

1.42913

6.57173

1.30064

1.42222

6.55672




