0.000000000 
0.000499700 
0.000999400 
0.001499100 
0.001998800 
0.002498500 
0.002998200 
0.003497900 
0.003997600 
0.004497300 
0.004997000 
0.005496700 
0.005996400 
0.006496100 
0.006995800 
0.007495500 
0.007995200 
0.008494900 
0.008994600 
0.009494300 
0.009994000 
0.010493700 
0.010993400 
0.011493100 
0.011992800 
0.012492500 
0.012992200 
0.013491900 
0.013991600 
0.014491300 
0.014991000 
0.015490700 
0.015990400 
0.016490100 
0.016989800 
0.017489500 
0.017989200 
0.018488900 
0.018988600 
0.019488300 
0.019988000 
0.020487700 
0.020987400 
0.021487100 
0.021986800 
0.022486500 
0.022986200 
0.023485900 
0.023985600 
0.024485300 
0.024985000 
0.025484700 
0.025984400 
0.026484100 
0.026983800 
0.027483500 
0.027983200 
0.028482900 
0.028982600 
0.029482300 
0.029982000 
0.030481700 
0.030981400 
0.031481100 
0.031980800 
0.032480500 
0.032980200 
0.033479900 
0.033979600 
0.034479300 
0.034979000 
0.035478700 
0.035978400 
0.036478100 
0.036977800 
0.037477500 
0.037977200 
0.038476900 
0.038976600 
0.039476300 
0.039976000 
0.040475700 
0.040975400 
0.041475100 
0.041974800 
0.042474500 
0.042974200 
0.043473900 
0.043973600 
0.044473300 
0.044973000 
0.045472700 
0.045972400 
0.046472100 
0.046971800 
0.047471500 
0.047971200 
0.048470900 
0.048970600 
0.049470300 
0.049970000 



373.26806595917 
370.79450292950 
368.35074307997 
365.93663357036 
363.55202326672 
361.19676273656 
358.87070424422 
356.57370174623 
354.30561088673 
352.06628899290 
349.85559507051 
347.67338979945 
345.51953552936 
343.39389627527 
341.29633771333 
339.22672717653 
337.18493365052 
335.17082776949 
333.18428181200 
331.22516969699 
329.29336697976 
327.38875084801 
325.51120011791 
323.66059523029 
321.83681824682 
320.03975284619 
318.26928432049 
316.52529957147 
314.80768710698 
313.11633703735 
311.45114107193 
309.81199251557 
308.19878626522 
306.61141880658 
305.04978821071 
303.51379413084 
302.00333779908 
300.51832202327 
299.05865118383 
297.62423123070 
296.21496968029 
294.83077561252 
293.47155966785 
292.13723404442 
290.82771249520 
289.54291032519 
288.28274438871 
287.04713308666 
285.83599636394 
284.64925570677 
283.48683414022 
282.34865622567 
281.23464805836 
280.14473726501 
279.07885300144 
278.03692595029 
277.01888831874 
276.02467383632 
275.05421775274 
274.10745683578 
273.18432936924 
272.28477515090 
271.40873549060 
270.55615320827 
269.72697263210 
268.92113959668 
268.13860144130 
267.37930700814 
266.64320664067 
265.93025218198 
265.24039697320 
264.57359585202 
263.92980515115 
263.30898269694 
262.71108780794 
262.13608129363 
261.58392545309 
261.05458407377 
260.54802243030 
260.06420728339 
259.60310687866 
259.16469094566 
258.74893069687 
258.35579882672 
257.98526951071 
257.63731840458 
257.31192264347 
257.00906084122 
256.72871308959 
256.47086095770 
256.23548749134 
256.02257721246 
255.83211611866 
255.66409168268 
255.51849285206 
255.39531004872 
255.29453516867 
255.21616158173 
255.16018413132 
255.12659913430 
255.11540438083 
