0
0.01
0.04
0.09
0.16
0.25
0.36
0.49
0.64
0.81
1
1.21
1.44
1.69
1.96
2.25
2.56
2.89
3.24
3.61
4
4.41
4.84
5.29
5.76
6.25
6.76
7.29
7.84
8.41
9
9.61
10.24
10.89
11.56
12.25
12.96
13.69
14.44
15.21
16
16.81
17.64
18.49
19.36
20.25
21.16
22.09
23.04
24.01
25
26.01
27.04
28.09
29.16
30.25
31.36
32.49
33.64
34.81
36
37.21
38.44
39.69
40.96
42.25
43.56
44.89
46.24
47.61
49
50.41
51.84
53.29
54.76
56.25
57.76
59.29
60.84
62.41
64
65.61
67.24
68.89
70.56
72.25
73.96
75.69
77.44
79.21
81
82.81
84.64
86.49
88.36
90.25
92.16
94.09
96.04
98.01
100
102.01
104.04
106.09
108.16
110.25
112.36
114.49
116.64
118.81
121
123.21
125.44
127.69
129.96
132.25
134.56
136.89
139.24
141.61
144
146.41
148.84
151.29
153.76
156.25
158.76
161.29
163.84
166.41
169
171.61
174.24
176.89
179.56
182.25
184.96
187.69
190.44
193.21
196
198.81
201.64
204.49
207.36
210.25
213.16
216.09
219.04
222.01
225
228.01
231.04
234.09
237.16
240.25
243.36
246.49
249.64
252.81
256
259.21
262.44
265.69
268.96
272.25
275.56
278.89
282.24
285.61
289
292.41
295.84
299.29
302.76
306.25
309.76
313.29
316.84
320.41
324
327.61
331.24
334.89
338.56
342.25
345.96
349.69
353.44
357.21
361
364.81
368.64
372.49
376.36
380.25
384.16
388.09
392.04
396.01
400
404.01
408.04
412.09
416.16
420.25
424.36
428.49
432.64
436.81
441
445.21
449.44
453.69
457.96
462.25
466.56
470.89
475.24
479.61
484
488.41
492.84
497.29
501.76
506.25
510.76
515.29
519.84
524.41
529
533.61
538.24
542.89
547.56
552.25
556.96
561.69
566.44
571.21
576
580.81
585.64
590.49
595.36
600.25
605.16
610.09
615.04
620.01
625
630.01
635.04
640.09
645.16
650.25
655.36
660.49
665.64
670.81
676
681.21
686.44
691.69
696.96
702.25
707.56
712.89
718.24
723.61
729
734.41
739.84
745.29
750.76
756.25
761.76
767.29
772.84
778.41
784
789.61
795.24
800.89
806.56
812.25
817.96
823.69
829.44
835.21
841
846.81
852.64
858.49
864.36
870.25
876.16
882.09
888.04
894.01
900
