87
III-1	III-2	III-3	III-4	A	III-5	B	III-6	III-7	III-8	III-9	III-10	III-11	III-12	III-13	III-14	III-15	III-16	C	III-17	III-18	III-19	III-20	III-21	III-22	III-23	III-24	D	I-1	I-2	I-3	I-4	E	I-5	I-6	I-7	I-8	I	I-13	I-14	I-15	I-16	M	I-21	I-22	I-23	I-24	O	N	L	II-1	II-2	II-3	II-4	H	II-12	II-11	II-10	II-9	II-20	II-19	II-18	II-17	F	G	J	K	II-5	II-6	II-7	II-8	I-12	I-11	I-10	I-9	II-13	II-14	II-15	II-16	I-20	I-19	I-18	I-17	II-21	II-22	II-23	II-24	
40.0	20.0	40.0	60.0	80.0	100.0	100.0	120.0	140.0	160.0	180.0	160.0	140.0	120.0	120.0	140.0	160.0	180.0	120.0	200.0	180.0	160.0	140.0	140.0	160.0	180.0	200.0	150.0	221.5	201.5	181.5	161.5	241.5	251.5	271.5	291.5	311.5	261.5	271.5	291.5	311.5	331.5	281.5	291.5	311.5	331.5	351.5	291.5	200.0	271.5	160.0	180.0	200.0	220.0	251.5	263.0	283.0	303.0	323.0	291.5	311.5	331.5	351.5	160.0	170.0	180.0	190.0	170.0	190.0	210.0	230.0	190.0	210.0	230.0	250.0	190.0	210.0	230.0	250.0	210.0	230.0	250.0	270.0	220.0	240.0	260.0	280.0	
20.0	40.0	20.0	40.0	60.0	80.0	80.0	100.0	120.0	140.0	160.0	140.0	120.0	100.0	100.0	120.0	140.0	160.0	100.0	180.0	160.0	140.0	120.0	120.0	140.0	160.0	180.0	130.0	201.5	181.5	161.5	141.5	221.5	231.5	251.5	271.5	291.5	241.5	251.5	271.5	291.5	311.5	261.5	271.5	291.5	311.5	331.5	271.5	180.0	251.5	140.0	160.0	180.0	200.0	231.5	243.0	263.0	283.0	303.0	271.5	291.5	311.5	331.5	140.0	150.0	160.0	170.0	150.0	170.0	190.0	210.0	170.0	190.0	210.0	230.0	170.0	190.0	210.0	230.0	190.0	210.0	230.0	250.0	200.0	220.0	240.0	260.0	
40.0	20.0	40.0	20.0	40.0	60.0	60.0	80.0	100.0	120.0	140.0	120.0	100.0	80.0	80.0	100.0	120.0	140.0	80.0	160.0	140.0	120.0	100.0	100.0	120.0	140.0	160.0	110.0	181.5	161.5	141.5	121.5	201.5	211.5	231.5	251.5	271.5	221.5	231.5	251.5	271.5	291.5	241.5	251.5	271.5	291.5	311.5	251.5	160.0	231.5	120.0	140.0	160.0	180.0	211.5	223.0	243.0	263.0	283.0	251.5	271.5	291.5	311.5	120.0	130.0	140.0	150.0	130.0	150.0	170.0	190.0	150.0	170.0	190.0	210.0	150.0	170.0	190.0	210.0	170.0	190.0	210.0	230.0	180.0	200.0	220.0	240.0	
60.0	40.0	20.0	40.0	20.0	40.0	40.0	60.0	80.0	100.0	120.0	100.0	80.0	60.0	60.0	80.0	100.0	120.0	60.0	140.0	120.0	100.0	80.0	80.0	100.0	120.0	140.0	90.0	161.5	141.5	121.5	101.5	181.5	191.5	211.5	231.5	251.5	201.5	211.5	231.5	251.5	271.5	221.5	231.5	251.5	271.5	291.5	231.5	140.0	211.5	100.0	120.0	140.0	160.0	191.5	203.0	223.0	243.0	263.0	231.5	251.5	271.5	291.5	100.0	110.0	120.0	130.0	110.0	130.0	150.0	170.0	130.0	150.0	170.0	190.0	130.0	150.0	170.0	190.0	150.0	170.0	190.0	210.0	160.0	180.0	200.0	220.0	
80.0	60.0	40.0	20.0	40.0	20.0	20.0	40.0	60.0	80.0	100.0	80.0	60.0	40.0	40.0	60.0	80.0	100.0	40.0	120.0	100.0	80.0	60.0	60.0	80.0	100.0	120.0	70.0	141.5	121.5	101.5	81.5	161.5	171.5	191.5	211.5	231.5	181.5	191.5	211.5	231.5	251.5	201.5	211.5	231.5	251.5	271.5	211.5	120.0	191.5	80.0	100.0	120.0	140.0	171.5	183.0	203.0	223.0	243.0	211.5	231.5	251.5	271.5	80.0	90.0	100.0	110.0	90.0	110.0	130.0	150.0	110.0	130.0	150.0	170.0	110.0	130.0	150.0	170.0	130.0	150.0	170.0	190.0	140.0	160.0	180.0	200.0	
100.0	80.0	60.0	40.0	20.0	40.0	40.0	20.0	40.0	60.0	120.0	100.0	80.0	60.0	60.0	80.0	100.0	120.0	60.0	140.0	120.0	100.0	80.0	80.0	100.0	120.0	140.0	90.0	161.5	141.5	121.5	101.5	181.5	191.5	211.5	231.5	251.5	201.5	211.5	231.5	251.5	271.5	221.5	231.5	251.5	271.5	291.5	231.5	140.0	211.5	100.0	120.0	140.0	160.0	191.5	203.0	223.0	243.0	263.0	231.5	251.5	271.5	291.5	100.0	110.0	120.0	130.0	110.0	130.0	150.0	170.0	130.0	150.0	170.0	190.0	130.0	150.0	170.0	190.0	150.0	170.0	190.0	210.0	160.0	180.0	200.0	220.0	
100.0	80.0	60.0	40.0	20.0	40.0	40.0	60.0	80.0	100.0	80.0	60.0	40.0	20.0	20.0	40.0	60.0	80.0	20.0	100.0	80.0	60.0	40.0	40.0	60.0	80.0	100.0	50.0	121.5	101.5	81.5	61.5	141.5	151.5	171.5	191.5	211.5	161.5	171.5	191.5	211.5	231.5	181.5	191.5	211.5	231.5	251.5	191.5	100.0	171.5	60.0	80.0	100.0	120.0	151.5	163.0	183.0	203.0	223.0	191.5	211.5	231.5	251.5	60.0	70.0	80.0	90.0	70.0	90.0	110.0	130.0	90.0	110.0	130.0	150.0	90.0	110.0	130.0	150.0	110.0	130.0	150.0	170.0	120.0	140.0	160.0	180.0	
120.0	100.0	80.0	60.0	40.0	20.0	60.0	40.0	20.0	40.0	140.0	120.0	100.0	80.0	80.0	100.0	120.0	140.0	80.0	160.0	140.0	120.0	100.0	100.0	120.0	140.0	160.0	110.0	181.5	161.5	141.5	121.5	201.5	211.5	231.5	251.5	271.5	221.5	231.5	251.5	271.5	291.5	241.5	251.5	271.5	291.5	311.5	251.5	160.0	231.5	120.0	140.0	160.0	180.0	211.5	223.0	243.0	263.0	283.0	251.5	271.5	291.5	311.5	120.0	130.0	140.0	150.0	130.0	150.0	170.0	190.0	150.0	170.0	190.0	210.0	150.0	170.0	190.0	210.0	170.0	190.0	210.0	230.0	180.0	200.0	220.0	240.0	
140.0	120.0	100.0	80.0	60.0	40.0	80.0	20.0	40.0	20.0	160.0	140.0	120.0	100.0	100.0	120.0	140.0	160.0	100.0	180.0	160.0	140.0	120.0	120.0	140.0	160.0	180.0	130.0	201.5	181.5	161.5	141.5	221.5	231.5	251.5	271.5	291.5	241.5	251.5	271.5	291.5	311.5	261.5	271.5	291.5	311.5	331.5	271.5	180.0	251.5	140.0	160.0	180.0	200.0	231.5	243.0	263.0	283.0	303.0	271.5	291.5	311.5	331.5	140.0	150.0	160.0	170.0	150.0	170.0	190.0	210.0	170.0	190.0	210.0	230.0	170.0	190.0	210.0	230.0	190.0	210.0	230.0	250.0	200.0	220.0	240.0	260.0	
160.0	140.0	120.0	100.0	80.0	60.0	100.0	40.0	20.0	40.0	180.0	160.0	140.0	120.0	120.0	140.0	160.0	180.0	120.0	200.0	180.0	160.0	140.0	140.0	160.0	180.0	200.0	150.0	221.5	201.5	181.5	161.5	241.5	251.5	271.5	291.5	311.5	261.5	271.5	291.5	311.5	331.5	281.5	291.5	311.5	331.5	351.5	291.5	200.0	271.5	160.0	180.0	200.0	220.0	251.5	263.0	283.0	303.0	323.0	291.5	311.5	331.5	351.5	160.0	170.0	180.0	190.0	170.0	190.0	210.0	230.0	190.0	210.0	230.0	250.0	190.0	210.0	230.0	250.0	210.0	230.0	250.0	270.0	220.0	240.0	260.0	280.0	
180.0	160.0	140.0	120.0	100.0	120.0	80.0	140.0	160.0	180.0	40.0	20.0	40.0	60.0	100.0	120.0	140.0	160.0	100.0	180.0	160.0	140.0	120.0	120.0	140.0	160.0	180.0	130.0	201.5	181.5	161.5	141.5	221.5	231.5	251.5	271.5	291.5	241.5	251.5	271.5	291.5	311.5	261.5	271.5	291.5	311.5	331.5	271.5	180.0	251.5	140.0	160.0	180.0	200.0	231.5	243.0	263.0	283.0	303.0	271.5	291.5	311.5	331.5	140.0	150.0	160.0	170.0	150.0	170.0	190.0	210.0	170.0	190.0	210.0	230.0	170.0	190.0	210.0	230.0	190.0	210.0	230.0	250.0	200.0	220.0	240.0	260.0	
160.0	140.0	120.0	100.0	80.0	100.0	60.0	120.0	140.0	160.0	20.0	40.0	20.0	40.0	80.0	100.0	120.0	140.0	80.0	160.0	140.0	120.0	100.0	100.0	120.0	140.0	160.0	110.0	181.5	161.5	141.5	121.5	201.5	211.5	231.5	251.5	271.5	221.5	231.5	251.5	271.5	291.5	241.5	251.5	271.5	291.5	311.5	251.5	160.0	231.5	120.0	140.0	160.0	180.0	211.5	223.0	243.0	263.0	283.0	251.5	271.5	291.5	311.5	120.0	130.0	140.0	150.0	130.0	150.0	170.0	190.0	150.0	170.0	190.0	210.0	150.0	170.0	190.0	210.0	170.0	190.0	210.0	230.0	180.0	200.0	220.0	240.0	
140.0	120.0	100.0	80.0	60.0	80.0	40.0	100.0	120.0	140.0	40.0	20.0	40.0	20.0	60.0	80.0	100.0	120.0	60.0	140.0	120.0	100.0	80.0	80.0	100.0	120.0	140.0	90.0	161.5	141.5	121.5	101.5	181.5	191.5	211.5	231.5	251.5	201.5	211.5	231.5	251.5	271.5	221.5	231.5	251.5	271.5	291.5	231.5	140.0	211.5	100.0	120.0	140.0	160.0	191.5	203.0	223.0	243.0	263.0	231.5	251.5	271.5	291.5	100.0	110.0	120.0	130.0	110.0	130.0	150.0	170.0	130.0	150.0	170.0	190.0	130.0	150.0	170.0	190.0	150.0	170.0	190.0	210.0	160.0	180.0	200.0	220.0	
120.0	100.0	80.0	60.0	40.0	60.0	20.0	80.0	100.0	120.0	60.0	40.0	20.0	40.0	40.0	60.0	80.0	100.0	40.0	120.0	100.0	80.0	60.0	60.0	80.0	100.0	120.0	70.0	141.5	121.5	101.5	81.5	161.5	171.5	191.5	211.5	231.5	181.5	191.5	211.5	231.5	251.5	201.5	211.5	231.5	251.5	271.5	211.5	120.0	191.5	80.0	100.0	120.0	140.0	171.5	183.0	203.0	223.0	243.0	211.5	231.5	251.5	271.5	80.0	90.0	100.0	110.0	90.0	110.0	130.0	150.0	110.0	130.0	150.0	170.0	110.0	130.0	150.0	170.0	130.0	150.0	170.0	190.0	140.0	160.0	180.0	200.0	
120.0	100.0	80.0	60.0	40.0	60.0	20.0	80.0	100.0	120.0	100.0	80.0	60.0	40.0	40.0	20.0	40.0	60.0	40.0	120.0	100.0	80.0	60.0	60.0	80.0	100.0	120.0	70.0	141.5	121.5	101.5	81.5	161.5	171.5	191.5	211.5	231.5	181.5	191.5	211.5	231.5	251.5	201.5	211.5	231.5	251.5	271.5	211.5	120.0	191.5	80.0	100.0	120.0	140.0	171.5	183.0	203.0	223.0	243.0	211.5	231.5	251.5	271.5	80.0	90.0	100.0	110.0	90.0	110.0	130.0	150.0	110.0	130.0	150.0	170.0	110.0	130.0	150.0	170.0	130.0	150.0	170.0	190.0	140.0	160.0	180.0	200.0	
140.0	120.0	100.0	80.0	60.0	80.0	40.0	100.0	120.0	140.0	120.0	100.0	80.0	60.0	20.0	40.0	20.0	40.0	60.0	140.0	120.0	100.0	80.0	80.0	100.0	120.0	140.0	90.0	161.5	141.5	121.5	101.5	181.5	191.5	211.5	231.5	251.5	201.5	211.5	231.5	251.5	271.5	221.5	231.5	251.5	271.5	291.5	231.5	140.0	211.5	100.0	120.0	140.0	160.0	191.5	203.0	223.0	243.0	263.0	231.5	251.5	271.5	291.5	100.0	110.0	120.0	130.0	110.0	130.0	150.0	170.0	130.0	150.0	170.0	190.0	130.0	150.0	170.0	190.0	150.0	170.0	190.0	210.0	160.0	180.0	200.0	220.0	
160.0	140.0	120.0	100.0	80.0	100.0	60.0	120.0	140.0	160.0	140.0	120.0	100.0	80.0	40.0	20.0	40.0	20.0	80.0	160.0	140.0	120.0	100.0	100.0	120.0	140.0	160.0	110.0	181.5	161.5	141.5	121.5	201.5	211.5	231.5	251.5	271.5	221.5	231.5	251.5	271.5	291.5	241.5	251.5	271.5	291.5	311.5	251.5	160.0	231.5	120.0	140.0	160.0	180.0	211.5	223.0	243.0	263.0	283.0	251.5	271.5	291.5	311.5	120.0	130.0	140.0	150.0	130.0	150.0	170.0	190.0	150.0	170.0	190.0	210.0	150.0	170.0	190.0	210.0	170.0	190.0	210.0	230.0	180.0	200.0	220.0	240.0	
180.0	160.0	140.0	120.0	100.0	120.0	80.0	140.0	160.0	180.0	160.0	140.0	120.0	100.0	60.0	40.0	20.0	40.0	100.0	180.0	160.0	140.0	120.0	120.0	140.0	160.0	180.0	130.0	201.5	181.5	161.5	141.5	221.5	231.5	251.5	271.5	291.5	241.5	251.5	271.5	291.5	311.5	261.5	271.5	291.5	311.5	331.5	271.5	180.0	251.5	140.0	160.0	180.0	200.0	231.5	243.0	263.0	283.0	303.0	271.5	291.5	311.5	331.5	140.0	150.0	160.0	170.0	150.0	170.0	190.0	210.0	170.0	190.0	210.0	230.0	170.0	190.0	210.0	230.0	190.0	210.0	230.0	250.0	200.0	220.0	240.0	260.0	
120.0	100.0	80.0	60.0	40.0	60.0	20.0	80.0	100.0	120.0	100.0	80.0	60.0	40.0	40.0	60.0	80.0	100.0	40.0	80.0	60.0	40.0	20.0	20.0	40.0	60.0	80.0	30.0	101.5	81.5	61.5	41.5	121.5	131.5	151.5	171.5	191.5	141.5	151.5	171.5	191.5	211.5	161.5	171.5	191.5	211.5	231.5	171.5	80.0	151.5	40.0	60.0	80.0	100.0	131.5	143.0	163.0	183.0	203.0	171.5	191.5	211.5	231.5	40.0	50.0	60.0	70.0	50.0	70.0	90.0	110.0	70.0	90.0	110.0	130.0	70.0	90.0	110.0	130.0	90.0	110.0	130.0	150.0	100.0	120.0	140.0	160.0	
200.0	180.0	160.0	140.0	120.0	140.0	100.0	160.0	180.0	200.0	180.0	160.0	140.0	120.0	120.0	140.0	160.0	180.0	80.0	40.0	20.0	40.0	60.0	100.0	120.0	140.0	160.0	110.0	181.5	161.5	141.5	121.5	201.5	211.5	231.5	251.5	271.5	221.5	231.5	251.5	271.5	291.5	241.5	251.5	271.5	291.5	311.5	251.5	160.0	231.5	120.0	140.0	160.0	180.0	211.5	223.0	243.0	263.0	283.0	251.5	271.5	291.5	311.5	120.0	130.0	140.0	150.0	130.0	150.0	170.0	190.0	150.0	170.0	190.0	210.0	150.0	170.0	190.0	210.0	170.0	190.0	210.0	230.0	180.0	200.0	220.0	240.0	
180.0	160.0	140.0	120.0	100.0	120.0	80.0	140.0	160.0	180.0	160.0	140.0	120.0	100.0	100.0	120.0	140.0	160.0	60.0	20.0	40.0	20.0	40.0	80.0	100.0	120.0	140.0	90.0	161.5	141.5	121.5	101.5	181.5	191.5	211.5	231.5	251.5	201.5	211.5	231.5	251.5	271.5	221.5	231.5	251.5	271.5	291.5	231.5	140.0	211.5	100.0	120.0	140.0	160.0	191.5	203.0	223.0	243.0	263.0	231.5	251.5	271.5	291.5	100.0	110.0	120.0	130.0	110.0	130.0	150.0	170.0	130.0	150.0	170.0	190.0	130.0	150.0	170.0	190.0	150.0	170.0	190.0	210.0	160.0	180.0	200.0	220.0	
160.0	140.0	120.0	100.0	80.0	100.0	60.0	120.0	140.0	160.0	140.0	120.0	100.0	80.0	80.0	100.0	120.0	140.0	40.0	40.0	20.0	40.0	20.0	60.0	80.0	100.0	120.0	70.0	141.5	121.5	101.5	81.5	161.5	171.5	191.5	211.5	231.5	181.5	191.5	211.5	231.5	251.5	201.5	211.5	231.5	251.5	271.5	211.5	120.0	191.5	80.0	100.0	120.0	140.0	171.5	183.0	203.0	223.0	243.0	211.5	231.5	251.5	271.5	80.0	90.0	100.0	110.0	90.0	110.0	130.0	150.0	110.0	130.0	150.0	170.0	110.0	130.0	150.0	170.0	130.0	150.0	170.0	190.0	140.0	160.0	180.0	200.0	
140.0	120.0	100.0	80.0	60.0	80.0	40.0	100.0	120.0	140.0	120.0	100.0	80.0	60.0	60.0	80.0	100.0	120.0	20.0	60.0	40.0	20.0	40.0	40.0	60.0	80.0	100.0	50.0	121.5	101.5	81.5	61.5	141.5	151.5	171.5	191.5	211.5	161.5	171.5	191.5	211.5	231.5	181.5	191.5	211.5	231.5	251.5	191.5	100.0	171.5	60.0	80.0	100.0	120.0	151.5	163.0	183.0	203.0	223.0	191.5	211.5	231.5	251.5	60.0	70.0	80.0	90.0	70.0	90.0	110.0	130.0	90.0	110.0	130.0	150.0	90.0	110.0	130.0	150.0	110.0	130.0	150.0	170.0	120.0	140.0	160.0	180.0	
140.0	120.0	100.0	80.0	60.0	80.0	40.0	100.0	120.0	140.0	120.0	100.0	80.0	60.0	60.0	80.0	100.0	120.0	20.0	100.0	80.0	60.0	40.0	40.0	20.0	40.0	60.0	50.0	121.5	101.5	81.5	61.5	141.5	151.5	171.5	191.5	211.5	161.5	171.5	191.5	211.5	231.5	181.5	191.5	211.5	231.5	251.5	191.5	100.0	171.5	60.0	80.0	100.0	120.0	151.5	163.0	183.0	203.0	223.0	191.5	211.5	231.5	251.5	60.0	70.0	80.0	90.0	70.0	90.0	110.0	130.0	90.0	110.0	130.0	150.0	90.0	110.0	130.0	150.0	110.0	130.0	150.0	170.0	120.0	140.0	160.0	180.0	
160.0	140.0	120.0	100.0	80.0	100.0	60.0	120.0	140.0	160.0	140.0	120.0	100.0	80.0	80.0	100.0	120.0	140.0	40.0	120.0	100.0	80.0	60.0	20.0	40.0	20.0	40.0	70.0	141.5	121.5	101.5	81.5	161.5	171.5	191.5	211.5	231.5	181.5	191.5	211.5	231.5	251.5	201.5	211.5	231.5	251.5	271.5	211.5	120.0	191.5	80.0	100.0	120.0	140.0	171.5	183.0	203.0	223.0	243.0	211.5	231.5	251.5	271.5	80.0	90.0	100.0	110.0	90.0	110.0	130.0	150.0	110.0	130.0	150.0	170.0	110.0	130.0	150.0	170.0	130.0	150.0	170.0	190.0	140.0	160.0	180.0	200.0	
180.0	160.0	140.0	120.0	100.0	120.0	80.0	140.0	160.0	180.0	160.0	140.0	120.0	100.0	100.0	120.0	140.0	160.0	60.0	140.0	120.0	100.0	80.0	40.0	20.0	40.0	20.0	90.0	161.5	141.5	121.5	101.5	181.5	191.5	211.5	231.5	251.5	201.5	211.5	231.5	251.5	271.5	221.5	231.5	251.5	271.5	291.5	231.5	140.0	211.5	100.0	120.0	140.0	160.0	191.5	203.0	223.0	243.0	263.0	231.5	251.5	271.5	291.5	100.0	110.0	120.0	130.0	110.0	130.0	150.0	170.0	130.0	150.0	170.0	190.0	130.0	150.0	170.0	190.0	150.0	170.0	190.0	210.0	160.0	180.0	200.0	220.0	
200.0	180.0	160.0	140.0	120.0	140.0	100.0	160.0	180.0	200.0	180.0	160.0	140.0	120.0	120.0	140.0	160.0	180.0	80.0	160.0	140.0	120.0	100.0	60.0	40.0	20.0	40.0	110.0	181.5	161.5	141.5	121.5	201.5	211.5	231.5	251.5	271.5	221.5	231.5	251.5	271.5	291.5	241.5	251.5	271.5	291.5	311.5	251.5	160.0	231.5	120.0	140.0	160.0	180.0	211.5	223.0	243.0	263.0	283.0	251.5	271.5	291.5	311.5	120.0	130.0	140.0	150.0	130.0	150.0	170.0	190.0	150.0	170.0	190.0	210.0	150.0	170.0	190.0	210.0	170.0	190.0	210.0	230.0	180.0	200.0	220.0	240.0	
150.0	130.0	110.0	90.0	70.0	90.0	50.0	110.0	130.0	150.0	130.0	110.0	90.0	70.0	70.0	90.0	110.0	130.0	30.0	110.0	90.0	70.0	50.0	50.0	70.0	90.0	110.0	20.0	71.5	51.5	31.5	11.5	91.5	101.5	121.5	141.5	161.5	111.5	121.5	141.5	161.5	181.5	131.5	141.5	161.5	181.5	201.5	141.5	50.0	121.5	10.0	30.0	50.0	70.0	101.5	113.0	133.0	153.0	173.0	141.5	161.5	181.5	201.5	10.0	20.0	30.0	40.0	20.0	40.0	60.0	80.0	40.0	60.0	80.0	100.0	40.0	60.0	80.0	100.0	60.0	80.0	100.0	120.0	70.0	90.0	110.0	130.0	
221.5	201.5	181.5	161.5	141.5	161.5	121.5	181.5	201.5	221.5	201.5	181.5	161.5	141.5	141.5	161.5	181.5	201.5	101.5	181.5	161.5	141.5	121.5	121.5	141.5	161.5	181.5	71.5	40.0	20.0	40.0	60.0	20.0	30.0	50.0	70.0	90.0	40.0	50.0	70.0	90.0	110.0	60.0	70.0	90.0	110.0	130.0	70.0	121.5	193.0	81.5	101.5	121.5	141.5	173.0	184.5	204.5	224.5	244.5	213.0	233.0	253.0	273.0	81.5	91.5	101.5	111.5	91.5	111.5	131.5	151.5	111.5	131.5	151.5	171.5	111.5	131.5	151.5	171.5	131.5	151.5	171.5	191.5	141.5	161.5	181.5	201.5	
201.5	181.5	161.5	141.5	121.5	141.5	101.5	161.5	181.5	201.5	181.5	161.5	141.5	121.5	121.5	141.5	161.5	181.5	81.5	161.5	141.5	121.5	101.5	101.5	121.5	141.5	161.5	51.5	20.0	40.0	20.0	40.0	40.0	50.0	70.0	90.0	110.0	60.0	70.0	90.0	110.0	130.0	80.0	90.0	110.0	130.0	150.0	90.0	101.5	173.0	61.5	81.5	101.5	121.5	153.0	164.5	184.5	204.5	224.5	193.0	213.0	233.0	253.0	61.5	71.5	81.5	91.5	71.5	91.5	111.5	131.5	91.5	111.5	131.5	151.5	91.5	111.5	131.5	151.5	111.5	131.5	151.5	171.5	121.5	141.5	161.5	181.5	
181.5	161.5	141.5	121.5	101.5	121.5	81.5	141.5	161.5	181.5	161.5	141.5	121.5	101.5	101.5	121.5	141.5	161.5	61.5	141.5	121.5	101.5	81.5	81.5	101.5	121.5	141.5	31.5	40.0	20.0	40.0	20.0	60.0	70.0	90.0	110.0	130.0	80.0	90.0	110.0	130.0	150.0	100.0	110.0	130.0	150.0	170.0	110.0	81.5	153.0	41.5	61.5	81.5	101.5	133.0	144.5	164.5	184.5	204.5	173.0	193.0	213.0	233.0	41.5	51.5	61.5	71.5	51.5	71.5	91.5	111.5	71.5	91.5	111.5	131.5	71.5	91.5	111.5	131.5	91.5	111.5	131.5	151.5	101.5	121.5	141.5	161.5	
161.5	141.5	121.5	101.5	81.5	101.5	61.5	121.5	141.5	161.5	141.5	121.5	101.5	81.5	81.5	101.5	121.5	141.5	41.5	121.5	101.5	81.5	61.5	61.5	81.5	101.5	121.5	11.5	60.0	40.0	20.0	23.0	80.0	90.0	110.0	130.0	150.0	100.0	110.0	130.0	150.0	170.0	120.0	130.0	150.0	170.0	190.0	130.0	61.5	133.0	21.5	41.5	61.5	81.5	113.0	124.5	144.5	164.5	184.5	153.0	173.0	193.0	213.0	21.5	31.5	41.5	51.5	31.5	51.5	71.5	91.5	51.5	71.5	91.5	111.5	51.5	71.5	91.5	111.5	71.5	91.5	111.5	131.5	81.5	101.5	121.5	141.5	
241.5	221.5	201.5	181.5	161.5	181.5	141.5	201.5	221.5	241.5	221.5	201.5	181.5	161.5	161.5	181.5	201.5	221.5	121.5	201.5	181.5	161.5	141.5	141.5	161.5	181.5	201.5	91.5	20.0	40.0	60.0	80.0	20.0	10.0	30.0	50.0	70.0	20.0	30.0	50.0	70.0	90.0	40.0	50.0	70.0	90.0	110.0	50.0	141.5	213.0	101.5	121.5	141.5	161.5	193.0	204.5	224.5	244.5	264.5	233.0	253.0	273.0	293.0	101.5	111.5	121.5	131.5	111.5	131.5	151.5	171.5	131.5	151.5	171.5	191.5	131.5	151.5	171.5	191.5	151.5	171.5	191.5	211.5	161.5	181.5	201.5	221.5	
251.5	231.5	211.5	191.5	171.5	191.5	151.5	211.5	231.5	251.5	231.5	211.5	191.5	171.5	171.5	191.5	211.5	231.5	131.5	211.5	191.5	171.5	151.5	151.5	171.5	191.5	211.5	101.5	30.0	50.0	70.0	90.0	10.0	20.0	20.0	40.0	60.0	30.0	40.0	60.0	80.0	100.0	50.0	60.0	80.0	100.0	120.0	60.0	151.5	223.0	111.5	131.5	151.5	171.5	203.0	214.5	234.5	254.5	274.5	243.0	263.0	283.0	303.0	111.5	121.5	131.5	141.5	121.5	141.5	161.5	181.5	141.5	161.5	181.5	201.5	141.5	161.5	181.5	201.5	161.5	181.5	201.5	221.5	171.5	191.5	211.5	231.5	
271.5	251.5	231.5	211.5	191.5	211.5	171.5	231.5	251.5	271.5	251.5	231.5	211.5	191.5	191.5	211.5	231.5	251.5	151.5	231.5	211.5	191.5	171.5	171.5	191.5	211.5	231.5	121.5	50.0	70.0	90.0	110.0	30.0	20.0	40.0	20.0	40.0	50.0	60.0	80.0	100.0	120.0	70.0	80.0	100.0	120.0	140.0	80.0	171.5	243.0	131.5	151.5	171.5	191.5	223.0	234.5	254.5	274.5	294.5	263.0	283.0	303.0	323.0	131.5	141.5	151.5	161.5	141.5	161.5	181.5	201.5	161.5	181.5	201.5	221.5	161.5	181.5	201.5	221.5	181.5	201.5	221.5	241.5	191.5	211.5	231.5	251.5	
291.5	271.5	251.5	231.5	211.5	231.5	191.5	251.5	271.5	291.5	271.5	251.5	231.5	211.5	211.5	231.5	251.5	271.5	171.5	251.5	231.5	211.5	191.5	191.5	211.5	231.5	251.5	141.5	70.0	90.0	110.0	130.0	50.0	40.0	20.0	40.0	20.0	70.0	80.0	100.0	120.0	140.0	90.0	100.0	120.0	140.0	160.0	100.0	191.5	263.0	151.5	171.5	191.5	211.5	243.0	254.5	274.5	294.5	314.5	283.0	303.0	323.0	343.0	151.5	161.5	171.5	181.5	161.5	181.5	201.5	221.5	181.5	201.5	221.5	241.5	181.5	201.5	221.5	241.5	201.5	221.5	241.5	261.5	211.5	231.5	251.5	271.5	
311.5	291.5	271.5	251.5	231.5	251.5	211.5	271.5	291.5	311.5	291.5	271.5	251.5	231.5	231.5	251.5	271.5	291.5	191.5	271.5	251.5	231.5	211.5	211.5	231.5	251.5	271.5	161.5	90.0	110.0	130.0	150.0	70.0	60.0	40.0	20.0	40.0	90.0	100.0	120.0	140.0	160.0	110.0	120.0	140.0	160.0	180.0	120.0	211.5	283.0	171.5	191.5	211.5	231.5	263.0	274.5	294.5	314.5	334.5	303.0	323.0	343.0	363.0	171.5	181.5	191.5	201.5	181.5	201.5	221.5	241.5	201.5	221.5	241.5	261.5	201.5	221.5	241.5	261.5	221.5	241.5	261.5	281.5	231.5	251.5	271.5	291.5	
261.5	241.5	221.5	201.5	181.5	201.5	161.5	221.5	241.5	261.5	241.5	221.5	201.5	181.5	181.5	201.5	221.5	241.5	141.5	221.5	201.5	181.5	161.5	161.5	181.5	201.5	221.5	111.5	40.0	60.0	80.0	100.0	20.0	30.0	50.0	70.0	90.0	20.0	10.0	30.0	50.0	70.0	20.0	30.0	50.0	70.0	90.0	30.0	121.5	213.0	121.5	141.5	161.5	181.5	213.0	224.5	244.5	264.5	284.5	233.0	253.0	273.0	293.0	121.5	131.5	141.5	131.5	131.5	151.5	171.5	191.5	151.5	171.5	191.5	211.5	151.5	171.5	191.5	211.5	151.5	171.5	191.5	211.5	141.5	161.5	181.5	201.5	
271.5	251.5	231.5	211.5	191.5	211.5	171.5	231.5	251.5	271.5	251.5	231.5	211.5	191.5	191.5	211.5	231.5	251.5	151.5	231.5	211.5	191.5	171.5	171.5	191.5	211.5	231.5	121.5	50.0	70.0	90.0	110.0	30.0	40.0	60.0	80.0	100.0	10.0	20.0	20.0	40.0	60.0	30.0	40.0	60.0	80.0	100.0	40.0	131.5	223.0	131.5	151.5	171.5	191.5	223.0	234.5	254.5	274.5	294.5	243.0	263.0	283.0	303.0	131.5	141.5	151.5	141.5	141.5	161.5	181.5	201.5	161.5	181.5	201.5	221.5	161.5	181.5	201.5	221.5	161.5	181.5	201.5	221.5	151.5	171.5	191.5	211.5	
291.5	271.5	251.5	231.5	211.5	231.5	191.5	251.5	271.5	291.5	271.5	251.5	231.5	211.5	211.5	231.5	251.5	271.5	171.5	251.5	231.5	211.5	191.5	191.5	211.5	231.5	251.5	141.5	70.0	90.0	110.0	130.0	50.0	60.0	80.0	100.0	120.0	30.0	20.0	40.0	20.0	40.0	50.0	60.0	80.0	100.0	120.0	60.0	151.5	243.0	151.5	171.5	191.5	211.5	243.0	254.5	274.5	294.5	314.5	263.0	283.0	303.0	323.0	151.5	161.5	171.5	161.5	161.5	181.5	201.5	221.5	181.5	201.5	221.5	241.5	181.5	201.5	221.5	241.5	181.5	201.5	221.5	241.5	171.5	191.5	211.5	231.5	
311.5	291.5	271.5	251.5	231.5	251.5	211.5	271.5	291.5	311.5	291.5	271.5	251.5	231.5	231.5	251.5	271.5	291.5	191.5	271.5	251.5	231.5	211.5	211.5	231.5	251.5	271.5	161.5	90.0	110.0	130.0	150.0	70.0	80.0	100.0	120.0	140.0	50.0	40.0	20.0	40.0	20.0	70.0	80.0	100.0	120.0	140.0	80.0	171.5	263.0	171.5	191.5	211.5	231.5	263.0	274.5	294.5	314.5	334.5	283.0	303.0	323.0	343.0	171.5	181.5	191.5	181.5	181.5	201.5	221.5	241.5	201.5	221.5	241.5	261.5	201.5	221.5	241.5	261.5	201.5	221.5	241.5	261.5	191.5	211.5	231.5	251.5	
331.5	311.5	291.5	271.5	251.5	271.5	231.5	291.5	311.5	331.5	311.5	291.5	271.5	251.5	251.5	271.5	291.5	311.5	211.5	291.5	271.5	251.5	231.5	231.5	251.5	271.5	291.5	181.5	110.0	130.0	150.0	170.0	90.0	100.0	120.0	140.0	160.0	70.0	60.0	40.0	20.0	40.0	90.0	100.0	120.0	140.0	160.0	100.0	191.5	283.0	191.5	211.5	231.5	251.5	283.0	294.5	314.5	334.5	354.5	303.0	323.0	343.0	363.0	191.5	201.5	211.5	201.5	201.5	221.5	241.5	261.5	221.5	241.5	261.5	281.5	221.5	241.5	261.5	281.5	221.5	241.5	261.5	281.5	211.5	231.5	251.5	271.5	
281.5	261.5	241.5	221.5	201.5	221.5	181.5	241.5	261.5	281.5	261.5	241.5	221.5	201.5	201.5	221.5	241.5	261.5	161.5	241.5	221.5	201.5	181.5	181.5	201.5	221.5	241.5	131.5	60.0	80.0	100.0	120.0	40.0	50.0	70.0	90.0	110.0	20.0	30.0	50.0	70.0	90.0	20.0	10.0	30.0	50.0	70.0	10.0	101.5	193.0	141.5	161.5	181.5	201.5	213.0	224.5	244.5	264.5	284.5	213.0	233.0	253.0	273.0	141.5	131.5	121.5	111.5	151.5	171.5	191.5	211.5	151.5	171.5	191.5	211.5	131.5	151.5	171.5	191.5	131.5	151.5	171.5	191.5	121.5	141.5	161.5	181.5	
291.5	271.5	251.5	231.5	211.5	231.5	191.5	251.5	271.5	291.5	271.5	251.5	231.5	211.5	211.5	231.5	251.5	271.5	171.5	251.5	231.5	211.5	191.5	191.5	211.5	231.5	251.5	141.5	70.0	90.0	110.0	130.0	50.0	60.0	80.0	100.0	120.0	30.0	40.0	60.0	80.0	100.0	10.0	20.0	20.0	40.0	60.0	20.0	111.5	203.0	151.5	171.5	191.5	211.5	223.0	234.5	254.5	274.5	294.5	223.0	243.0	263.0	283.0	151.5	141.5	131.5	121.5	161.5	181.5	201.5	221.5	161.5	181.5	201.5	221.5	141.5	161.5	181.5	201.5	141.5	161.5	181.5	201.5	131.5	151.5	171.5	191.5	
311.5	291.5	271.5	251.5	231.5	251.5	211.5	271.5	291.5	311.5	291.5	271.5	251.5	231.5	231.5	251.5	271.5	291.5	191.5	271.5	251.5	231.5	211.5	211.5	231.5	251.5	271.5	161.5	90.0	110.0	130.0	150.0	70.0	80.0	100.0	120.0	140.0	50.0	60.0	80.0	100.0	120.0	30.0	20.0	40.0	20.0	40.0	40.0	131.5	223.0	171.5	191.5	211.5	231.5	243.0	254.5	274.5	294.5	314.5	243.0	263.0	283.0	303.0	171.5	161.5	151.5	141.5	181.5	201.5	221.5	241.5	181.5	201.5	221.5	241.5	161.5	181.5	201.5	221.5	161.5	181.5	201.5	221.5	151.5	171.5	191.5	211.5	
331.5	311.5	291.5	271.5	251.5	271.5	231.5	291.5	311.5	331.5	311.5	291.5	271.5	251.5	251.5	271.5	291.5	311.5	211.5	291.5	271.5	251.5	231.5	231.5	251.5	271.5	291.5	181.5	110.0	130.0	150.0	170.0	90.0	100.0	120.0	140.0	160.0	70.0	80.0	100.0	120.0	140.0	50.0	40.0	20.0	40.0	20.0	60.0	151.5	243.0	191.5	211.5	231.5	251.5	263.0	274.5	294.5	314.5	334.5	263.0	283.0	303.0	323.0	191.5	181.5	171.5	161.5	201.5	221.5	241.5	261.5	201.5	221.5	241.5	261.5	181.5	201.5	221.5	241.5	181.5	201.5	221.5	241.5	171.5	191.5	211.5	231.5	
351.5	331.5	311.5	291.5	271.5	291.5	251.5	311.5	331.5	351.5	331.5	311.5	291.5	271.5	271.5	291.5	311.5	331.5	231.5	311.5	291.5	271.5	251.5	251.5	271.5	291.5	311.5	201.5	130.0	150.0	170.0	190.0	110.0	120.0	140.0	160.0	180.0	90.0	100.0	120.0	140.0	160.0	70.0	60.0	40.0	20.0	40.0	80.0	171.5	263.0	211.5	231.5	251.5	271.5	283.0	294.5	314.5	334.5	354.5	283.0	303.0	323.0	343.0	211.5	201.5	191.5	181.5	221.5	241.5	261.5	281.5	221.5	241.5	261.5	281.5	201.5	221.5	241.5	261.5	201.5	221.5	241.5	261.5	191.5	211.5	231.5	251.5	
291.5	271.5	251.5	231.5	211.5	231.5	191.5	251.5	271.5	291.5	271.5	251.5	231.5	211.5	211.5	231.5	251.5	271.5	171.5	251.5	231.5	211.5	191.5	191.5	211.5	231.5	251.5	141.5	70.0	90.0	110.0	130.0	50.0	60.0	80.0	100.0	120.0	30.0	40.0	60.0	80.0	100.0	10.0	20.0	40.0	60.0	80.0	20.0	91.5	183.0	151.5	171.5	191.5	211.5	203.0	214.5	234.5	254.5	274.5	203.0	223.0	243.0	263.0	131.5	121.5	111.5	101.5	141.5	161.5	181.5	201.5	141.5	161.5	181.5	201.5	121.5	141.5	161.5	181.5	121.5	141.5	161.5	181.5	111.5	131.5	151.5	171.5	
200.0	180.0	160.0	140.0	120.0	140.0	100.0	160.0	180.0	200.0	180.0	160.0	140.0	120.0	120.0	140.0	160.0	180.0	80.0	160.0	140.0	120.0	100.0	100.0	120.0	140.0	160.0	50.0	121.5	101.5	81.5	61.5	141.5	151.5	171.5	191.5	211.5	121.5	131.5	151.5	171.5	191.5	101.5	111.5	131.5	151.5	171.5	91.5	20.0	111.5	60.0	80.0	100.0	120.0	131.5	143.0	163.0	183.0	203.0	131.5	151.5	171.5	191.5	40.0	30.0	20.0	10.0	50.0	70.0	90.0	110.0	50.0	70.0	90.0	110.0	30.0	50.0	70.0	90.0	30.0	50.0	70.0	90.0	20.0	40.0	60.0	80.0	
271.5	251.5	231.5	211.5	191.5	211.5	171.5	231.5	251.5	271.5	251.5	231.5	211.5	191.5	191.5	211.5	231.5	251.5	151.5	231.5	211.5	191.5	171.5	171.5	191.5	211.5	231.5	121.5	193.0	173.0	153.0	133.0	213.0	223.0	243.0	263.0	283.0	213.0	223.0	243.0	263.0	283.0	193.0	203.0	223.0	243.0	263.0	183.0	111.5	40.0	111.5	91.5	71.5	51.5	20.0	31.5	51.5	71.5	91.5	20.0	40.0	60.0	80.0	131.5	141.5	131.5	121.5	141.5	161.5	181.5	201.5	161.5	181.5	201.5	221.5	141.5	161.5	181.5	201.5	141.5	161.5	181.5	201.5	131.5	151.5	171.5	191.5	
160.0	140.0	120.0	100.0	80.0	100.0	60.0	120.0	140.0	160.0	140.0	120.0	100.0	80.0	80.0	100.0	120.0	140.0	40.0	120.0	100.0	80.0	60.0	60.0	80.0	100.0	120.0	10.0	81.5	61.5	41.5	21.5	101.5	111.5	131.5	151.5	171.5	121.5	131.5	151.5	171.5	191.5	141.5	151.5	171.5	191.5	211.5	151.5	60.0	111.5	20.0	20.0	40.0	60.0	91.5	103.0	123.0	143.0	163.0	131.5	151.5	171.5	191.5	20.0	30.0	40.0	50.0	30.0	50.0	70.0	90.0	50.0	70.0	90.0	110.0	50.0	70.0	90.0	110.0	70.0	90.0	110.0	130.0	80.0	100.0	120.0	140.0	
180.0	160.0	140.0	120.0	100.0	120.0	80.0	140.0	160.0	180.0	160.0	140.0	120.0	100.0	100.0	120.0	140.0	160.0	60.0	140.0	120.0	100.0	80.0	80.0	100.0	120.0	140.0	30.0	101.5	81.5	61.5	41.5	121.5	131.5	151.5	171.5	191.5	141.5	151.5	171.5	191.5	211.5	161.5	171.5	191.5	211.5	231.5	171.5	80.0	91.5	20.0	40.0	20.0	40.0	71.5	83.0	103.0	123.0	143.0	111.5	131.5	151.5	171.5	40.0	50.0	60.0	70.0	50.0	70.0	90.0	110.0	70.0	90.0	110.0	130.0	70.0	90.0	110.0	130.0	90.0	110.0	130.0	150.0	100.0	120.0	140.0	160.0	
200.0	180.0	160.0	140.0	120.0	140.0	100.0	160.0	180.0	200.0	180.0	160.0	140.0	120.0	120.0	140.0	160.0	180.0	80.0	160.0	140.0	120.0	100.0	100.0	120.0	140.0	160.0	50.0	121.5	101.5	81.5	61.5	141.5	151.5	171.5	191.5	211.5	161.5	171.5	191.5	211.5	231.5	181.5	191.5	211.5	231.5	251.5	191.5	100.0	71.5	40.0	20.0	40.0	20.0	51.5	63.0	83.0	103.0	123.0	91.5	111.5	131.5	151.5	60.0	70.0	80.0	90.0	70.0	90.0	110.0	130.0	90.0	110.0	130.0	150.0	90.0	110.0	130.0	150.0	110.0	130.0	150.0	170.0	120.0	140.0	160.0	180.0	
220.0	200.0	180.0	160.0	140.0	160.0	120.0	180.0	200.0	220.0	200.0	180.0	160.0	140.0	140.0	160.0	180.0	200.0	100.0	180.0	160.0	140.0	120.0	120.0	140.0	160.0	180.0	70.0	141.5	121.5	101.5	81.5	161.5	171.5	191.5	211.5	231.5	181.5	191.5	211.5	231.5	251.5	201.5	211.5	231.5	251.5	271.5	211.5	120.0	51.5	60.0	40.0	20.0	40.0	31.5	43.0	63.0	83.0	103.0	71.5	91.5	111.5	131.5	80.0	90.0	100.0	110.0	90.0	110.0	130.0	150.0	110.0	130.0	150.0	170.0	110.0	130.0	150.0	170.0	130.0	150.0	170.0	190.0	140.0	160.0	180.0	200.0	
251.5	231.5	211.5	191.5	171.5	191.5	151.5	211.5	231.5	251.5	231.5	211.5	191.5	171.5	171.5	191.5	211.5	231.5	131.5	211.5	191.5	171.5	151.5	151.5	171.5	191.5	211.5	101.5	173.0	153.0	133.0	113.0	193.0	203.0	223.0	243.0	263.0	213.0	223.0	243.0	263.0	283.0	213.0	223.0	243.0	263.0	283.0	203.0	131.5	20.0	91.5	71.5	51.5	31.5	23.0	11.5	31.5	51.5	71.5	40.0	60.0	80.0	100.0	111.5	121.5	131.5	141.5	121.5	141.5	161.5	181.5	141.5	161.5	181.5	201.5	141.5	161.5	181.5	201.5	161.5	181.5	201.5	221.5	151.5	171.5	191.5	211.5	
263.0	243.0	223.0	203.0	183.0	203.0	163.0	223.0	243.0	263.0	243.0	223.0	203.0	183.0	183.0	203.0	223.0	243.0	143.0	223.0	203.0	183.0	163.0	163.0	183.0	203.0	223.0	113.0	184.5	164.5	144.5	124.5	204.5	214.5	234.5	254.5	274.5	224.5	234.5	254.5	274.5	294.5	224.5	234.5	254.5	274.5	294.5	214.5	143.0	31.5	103.0	83.0	63.0	43.0	11.5	23.0	20.0	40.0	60.0	51.5	71.5	91.5	111.5	123.0	133.0	143.0	153.0	133.0	153.0	173.0	193.0	153.0	173.0	193.0	213.0	153.0	173.0	193.0	213.0	173.0	193.0	213.0	233.0	163.0	183.0	203.0	223.0	
283.0	263.0	243.0	223.0	203.0	223.0	183.0	243.0	263.0	283.0	263.0	243.0	223.0	203.0	203.0	223.0	243.0	263.0	163.0	243.0	223.0	203.0	183.0	183.0	203.0	223.0	243.0	133.0	204.5	184.5	164.5	144.5	224.5	234.5	254.5	274.5	294.5	244.5	254.5	274.5	294.5	314.5	244.5	254.5	274.5	294.5	314.5	234.5	163.0	51.5	123.0	103.0	83.0	63.0	31.5	20.0	40.0	20.0	40.0	71.5	91.5	111.5	131.5	143.0	153.0	163.0	173.0	153.0	173.0	193.0	213.0	173.0	193.0	213.0	233.0	173.0	193.0	213.0	233.0	193.0	213.0	233.0	253.0	183.0	203.0	223.0	243.0	
303.0	283.0	263.0	243.0	223.0	243.0	203.0	263.0	283.0	303.0	283.0	263.0	243.0	223.0	223.0	243.0	263.0	283.0	183.0	263.0	243.0	223.0	203.0	203.0	223.0	243.0	263.0	153.0	224.5	204.5	184.5	164.5	244.5	254.5	274.5	294.5	314.5	264.5	274.5	294.5	314.5	334.5	264.5	274.5	294.5	314.5	334.5	254.5	183.0	71.5	143.0	123.0	103.0	83.0	51.5	40.0	20.0	40.0	20.0	91.5	111.5	131.5	151.5	163.0	173.0	183.0	193.0	173.0	193.0	213.0	233.0	193.0	213.0	233.0	253.0	193.0	213.0	233.0	253.0	213.0	233.0	253.0	273.0	203.0	223.0	243.0	263.0	
323.0	303.0	283.0	263.0	243.0	263.0	223.0	283.0	303.0	323.0	303.0	283.0	263.0	243.0	243.0	263.0	283.0	303.0	203.0	283.0	263.0	243.0	223.0	223.0	243.0	263.0	283.0	173.0	244.5	224.5	204.5	184.5	264.5	274.5	294.5	314.5	334.5	284.5	294.5	314.5	334.5	354.5	284.5	294.5	314.5	334.5	354.5	274.5	203.0	91.5	163.0	143.0	123.0	103.0	71.5	60.0	40.0	20.0	40.0	111.5	131.5	151.5	171.5	183.0	193.0	203.0	213.0	193.0	213.0	233.0	253.0	213.0	233.0	253.0	273.0	213.0	233.0	253.0	273.0	233.0	253.0	273.0	293.0	223.0	243.0	263.0	283.0	
291.5	271.5	251.5	231.5	211.5	231.5	191.5	251.5	271.5	291.5	271.5	251.5	231.5	211.5	211.5	231.5	251.5	271.5	171.5	251.5	231.5	211.5	191.5	191.5	211.5	231.5	251.5	141.5	213.0	193.0	173.0	153.0	233.0	243.0	263.0	283.0	303.0	233.0	243.0	263.0	283.0	303.0	213.0	223.0	243.0	263.0	283.0	203.0	131.5	20.0	131.5	111.5	91.5	71.5	40.0	51.5	71.5	91.5	111.5	40.0	20.0	40.0	60.0	151.5	161.5	151.5	141.5	161.5	181.5	201.5	221.5	181.5	201.5	221.5	241.5	161.5	181.5	201.5	221.5	161.5	181.5	201.5	221.5	151.5	171.5	191.5	211.5	
311.5	291.5	271.5	251.5	231.5	251.5	211.5	271.5	291.5	311.5	291.5	271.5	251.5	231.5	231.5	251.5	271.5	291.5	191.5	271.5	251.5	231.5	211.5	211.5	231.5	251.5	271.5	161.5	233.0	213.0	193.0	173.0	253.0	263.0	283.0	303.0	323.0	253.0	263.0	283.0	303.0	323.0	233.0	243.0	263.0	283.0	303.0	223.0	151.5	40.0	151.5	131.5	111.5	91.5	60.0	71.5	91.5	111.5	131.5	20.0	40.0	20.0	40.0	171.5	181.5	171.5	161.5	181.5	201.5	221.5	241.5	201.5	221.5	241.5	261.5	181.5	201.5	221.5	241.5	181.5	201.5	221.5	241.5	171.5	191.5	211.5	231.5	
331.5	311.5	291.5	271.5	251.5	271.5	231.5	291.5	311.5	331.5	311.5	291.5	271.5	251.5	251.5	271.5	291.5	311.5	211.5	291.5	271.5	251.5	231.5	231.5	251.5	271.5	291.5	181.5	253.0	233.0	213.0	193.0	273.0	283.0	303.0	323.0	343.0	273.0	283.0	303.0	323.0	343.0	253.0	263.0	283.0	303.0	323.0	243.0	171.5	60.0	171.5	151.5	131.5	111.5	80.0	91.5	111.5	131.5	151.5	40.0	20.0	40.0	20.0	191.5	201.5	191.5	181.5	201.5	221.5	241.5	261.5	221.5	241.5	261.5	281.5	201.5	221.5	241.5	261.5	201.5	221.5	241.5	261.5	191.5	211.5	231.5	251.5	
351.5	331.5	311.5	291.5	271.5	291.5	251.5	311.5	331.5	351.5	331.5	311.5	291.5	271.5	271.5	291.5	311.5	331.5	231.5	311.5	291.5	271.5	251.5	251.5	271.5	291.5	311.5	201.5	273.0	253.0	233.0	213.0	293.0	303.0	323.0	343.0	363.0	293.0	303.0	323.0	343.0	363.0	273.0	283.0	303.0	323.0	343.0	263.0	191.5	80.0	191.5	171.5	151.5	131.5	100.0	111.5	131.5	151.5	171.5	60.0	40.0	20.0	40.0	211.5	221.5	211.5	201.5	221.5	241.5	261.5	281.5	241.5	261.5	281.5	301.5	221.5	241.5	261.5	281.5	221.5	241.5	261.5	281.5	211.5	231.5	251.5	271.5	
160.0	140.0	120.0	100.0	80.0	100.0	60.0	120.0	140.0	160.0	140.0	120.0	100.0	80.0	80.0	100.0	120.0	140.0	40.0	120.0	100.0	80.0	60.0	60.0	80.0	100.0	120.0	10.0	81.5	61.5	41.5	21.5	101.5	111.5	131.5	151.5	171.5	121.5	131.5	151.5	171.5	191.5	141.5	151.5	171.5	191.5	211.5	131.5	40.0	131.5	20.0	40.0	60.0	80.0	111.5	123.0	143.0	163.0	183.0	151.5	171.5	191.5	211.5	20.0	10.0	20.0	30.0	10.0	30.0	50.0	70.0	30.0	50.0	70.0	90.0	30.0	50.0	70.0	90.0	50.0	70.0	90.0	110.0	60.0	80.0	100.0	120.0	
170.0	150.0	130.0	110.0	90.0	110.0	70.0	130.0	150.0	170.0	150.0	130.0	110.0	90.0	90.0	110.0	130.0	150.0	50.0	130.0	110.0	90.0	70.0	70.0	90.0	110.0	130.0	20.0	91.5	71.5	51.5	31.5	111.5	121.5	141.5	161.5	181.5	131.5	141.5	161.5	181.5	201.5	131.5	141.5	161.5	181.5	201.5	121.5	30.0	141.5	30.0	50.0	70.0	90.0	121.5	133.0	153.0	173.0	193.0	161.5	181.5	201.5	221.5	10.0	20.0	10.0	20.0	20.0	40.0	60.0	80.0	20.0	40.0	60.0	80.0	20.0	40.0	60.0	80.0	40.0	60.0	80.0	100.0	50.0	70.0	90.0	110.0	
180.0	160.0	140.0	120.0	100.0	120.0	80.0	140.0	160.0	180.0	160.0	140.0	120.0	100.0	100.0	120.0	140.0	160.0	60.0	140.0	120.0	100.0	80.0	80.0	100.0	120.0	140.0	30.0	101.5	81.5	61.5	41.5	121.5	131.5	151.5	171.5	191.5	141.5	151.5	171.5	191.5	211.5	121.5	131.5	151.5	171.5	191.5	111.5	20.0	131.5	40.0	60.0	80.0	100.0	131.5	143.0	163.0	183.0	203.0	151.5	171.5	191.5	211.5	20.0	10.0	20.0	10.0	30.0	50.0	70.0	90.0	30.0	50.0	70.0	90.0	10.0	30.0	50.0	70.0	30.0	50.0	70.0	90.0	40.0	60.0	80.0	100.0	
190.0	170.0	150.0	130.0	110.0	130.0	90.0	150.0	170.0	190.0	170.0	150.0	130.0	110.0	110.0	130.0	150.0	170.0	70.0	150.0	130.0	110.0	90.0	90.0	110.0	130.0	150.0	40.0	111.5	91.5	71.5	51.5	131.5	141.5	161.5	181.5	201.5	131.5	141.5	161.5	181.5	201.5	111.5	121.5	141.5	161.5	181.5	101.5	10.0	121.5	50.0	70.0	90.0	110.0	141.5	153.0	173.0	193.0	213.0	141.5	161.5	181.5	201.5	30.0	20.0	10.0	20.0	40.0	60.0	80.0	100.0	40.0	60.0	80.0	100.0	20.0	40.0	60.0	80.0	20.0	40.0	60.0	80.0	30.0	50.0	70.0	90.0	
170.0	150.0	130.0	110.0	90.0	110.0	70.0	130.0	150.0	170.0	150.0	130.0	110.0	90.0	90.0	110.0	130.0	150.0	50.0	130.0	110.0	90.0	70.0	70.0	90.0	110.0	130.0	20.0	91.5	71.5	51.5	31.5	111.5	121.5	141.5	161.5	181.5	131.5	141.5	161.5	181.5	201.5	151.5	161.5	181.5	201.5	221.5	141.5	50.0	141.5	30.0	50.0	70.0	90.0	121.5	133.0	153.0	173.0	193.0	161.5	181.5	201.5	221.5	10.0	20.0	30.0	40.0	20.0	20.0	40.0	60.0	40.0	60.0	80.0	100.0	40.0	60.0	80.0	100.0	60.0	80.0	100.0	120.0	70.0	90.0	110.0	130.0	
190.0	170.0	150.0	130.0	110.0	130.0	90.0	150.0	170.0	190.0	170.0	150.0	130.0	110.0	110.0	130.0	150.0	170.0	70.0	150.0	130.0	110.0	90.0	90.0	110.0	130.0	150.0	40.0	111.5	91.5	71.5	51.5	131.5	141.5	161.5	181.5	201.5	151.5	161.5	181.5	201.5	221.5	171.5	181.5	201.5	221.5	241.5	161.5	70.0	161.5	50.0	70.0	90.0	110.0	141.5	153.0	173.0	193.0	213.0	181.5	201.5	221.5	241.5	30.0	40.0	50.0	60.0	20.0	40.0	20.0	40.0	60.0	80.0	100.0	120.0	60.0	80.0	100.0	120.0	80.0	100.0	120.0	140.0	90.0	110.0	130.0	150.0	
210.0	190.0	170.0	150.0	130.0	150.0	110.0	170.0	190.0	210.0	190.0	170.0	150.0	130.0	130.0	150.0	170.0	190.0	90.0	170.0	150.0	130.0	110.0	110.0	130.0	150.0	170.0	60.0	131.5	111.5	91.5	71.5	151.5	161.5	181.5	201.5	221.5	171.5	181.5	201.5	221.5	241.5	191.5	201.5	221.5	241.5	261.5	181.5	90.0	181.5	70.0	90.0	110.0	130.0	161.5	173.0	193.0	213.0	233.0	201.5	221.5	241.5	261.5	50.0	60.0	70.0	80.0	40.0	20.0	40.0	20.0	80.0	100.0	120.0	140.0	80.0	100.0	120.0	140.0	100.0	120.0	140.0	160.0	110.0	130.0	150.0	170.0	
230.0	210.0	190.0	170.0	150.0	170.0	130.0	190.0	210.0	230.0	210.0	190.0	170.0	150.0	150.0	170.0	190.0	210.0	110.0	190.0	170.0	150.0	130.0	130.0	150.0	170.0	190.0	80.0	151.5	131.5	111.5	91.5	171.5	181.5	201.5	221.5	241.5	191.5	201.5	221.5	241.5	261.5	211.5	221.5	241.5	261.5	281.5	201.5	110.0	201.5	90.0	110.0	130.0	150.0	181.5	193.0	213.0	233.0	253.0	221.5	241.5	261.5	281.5	70.0	80.0	90.0	100.0	60.0	40.0	20.0	40.0	100.0	120.0	140.0	160.0	100.0	120.0	140.0	160.0	120.0	140.0	160.0	180.0	130.0	150.0	170.0	190.0	
190.0	170.0	150.0	130.0	110.0	130.0	90.0	150.0	170.0	190.0	170.0	150.0	130.0	110.0	110.0	130.0	150.0	170.0	70.0	150.0	130.0	110.0	90.0	90.0	110.0	130.0	150.0	40.0	111.5	91.5	71.5	51.5	131.5	141.5	161.5	181.5	201.5	151.5	161.5	181.5	201.5	221.5	151.5	161.5	181.5	201.5	221.5	141.5	50.0	161.5	50.0	70.0	90.0	110.0	141.5	153.0	173.0	193.0	213.0	181.5	201.5	221.5	241.5	30.0	20.0	30.0	40.0	40.0	60.0	80.0	100.0	40.0	20.0	40.0	60.0	40.0	60.0	80.0	100.0	60.0	80.0	100.0	120.0	70.0	90.0	110.0	130.0	
210.0	190.0	170.0	150.0	130.0	150.0	110.0	170.0	190.0	210.0	190.0	170.0	150.0	130.0	130.0	150.0	170.0	190.0	90.0	170.0	150.0	130.0	110.0	110.0	130.0	150.0	170.0	60.0	131.5	111.5	91.5	71.5	151.5	161.5	181.5	201.5	221.5	171.5	181.5	201.5	221.5	241.5	171.5	181.5	201.5	221.5	241.5	161.5	70.0	181.5	70.0	90.0	110.0	130.0	161.5	173.0	193.0	213.0	233.0	201.5	221.5	241.5	261.5	50.0	40.0	50.0	60.0	60.0	80.0	100.0	120.0	20.0	40.0	20.0	40.0	60.0	80.0	100.0	120.0	80.0	100.0	120.0	140.0	90.0	110.0	130.0	150.0	
230.0	210.0	190.0	170.0	150.0	170.0	130.0	190.0	210.0	230.0	210.0	190.0	170.0	150.0	150.0	170.0	190.0	210.0	110.0	190.0	170.0	150.0	130.0	130.0	150.0	170.0	190.0	80.0	151.5	131.5	111.5	91.5	171.5	181.5	201.5	221.5	241.5	191.5	201.5	221.5	241.5	261.5	191.5	201.5	221.5	241.5	261.5	181.5	90.0	201.5	90.0	110.0	130.0	150.0	181.5	193.0	213.0	233.0	253.0	221.5	241.5	261.5	281.5	70.0	60.0	70.0	80.0	80.0	100.0	120.0	140.0	40.0	20.0	40.0	20.0	80.0	100.0	120.0	140.0	100.0	120.0	140.0	160.0	110.0	130.0	150.0	170.0	
250.0	230.0	210.0	190.0	170.0	190.0	150.0	210.0	230.0	250.0	230.0	210.0	190.0	170.0	170.0	190.0	210.0	230.0	130.0	210.0	190.0	170.0	150.0	150.0	170.0	190.0	210.0	100.0	171.5	151.5	131.5	111.5	191.5	201.5	221.5	241.5	261.5	211.5	221.5	241.5	261.5	281.5	211.5	221.5	241.5	261.5	281.5	201.5	110.0	221.5	110.0	130.0	150.0	170.0	201.5	213.0	233.0	253.0	273.0	241.5	261.5	281.5	301.5	90.0	80.0	90.0	100.0	100.0	120.0	140.0	160.0	60.0	40.0	20.0	40.0	100.0	120.0	140.0	160.0	120.0	140.0	160.0	180.0	130.0	150.0	170.0	190.0	
190.0	170.0	150.0	130.0	110.0	130.0	90.0	150.0	170.0	190.0	170.0	150.0	130.0	110.0	110.0	130.0	150.0	170.0	70.0	150.0	130.0	110.0	90.0	90.0	110.0	130.0	150.0	40.0	111.5	91.5	71.5	51.5	131.5	141.5	161.5	181.5	201.5	151.5	161.5	181.5	201.5	221.5	131.5	141.5	161.5	181.5	201.5	121.5	30.0	141.5	50.0	70.0	90.0	110.0	141.5	153.0	173.0	193.0	213.0	161.5	181.5	201.5	221.5	30.0	20.0	10.0	20.0	40.0	60.0	80.0	100.0	40.0	60.0	80.0	100.0	20.0	20.0	40.0	60.0	40.0	60.0	80.0	100.0	50.0	70.0	90.0	110.0	
210.0	190.0	170.0	150.0	130.0	150.0	110.0	170.0	190.0	210.0	190.0	170.0	150.0	130.0	130.0	150.0	170.0	190.0	90.0	170.0	150.0	130.0	110.0	110.0	130.0	150.0	170.0	60.0	131.5	111.5	91.5	71.5	151.5	161.5	181.5	201.5	221.5	171.5	181.5	201.5	221.5	241.5	151.5	161.5	181.5	201.5	221.5	141.5	50.0	161.5	70.0	90.0	110.0	130.0	161.5	173.0	193.0	213.0	233.0	181.5	201.5	221.5	241.5	50.0	40.0	30.0	40.0	60.0	80.0	100.0	120.0	60.0	80.0	100.0	120.0	20.0	40.0	20.0	40.0	60.0	80.0	100.0	120.0	70.0	90.0	110.0	130.0	
230.0	210.0	190.0	170.0	150.0	170.0	130.0	190.0	210.0	230.0	210.0	190.0	170.0	150.0	150.0	170.0	190.0	210.0	110.0	190.0	170.0	150.0	130.0	130.0	150.0	170.0	190.0	80.0	151.5	131.5	111.5	91.5	171.5	181.5	201.5	221.5	241.5	191.5	201.5	221.5	241.5	261.5	171.5	181.5	201.5	221.5	241.5	161.5	70.0	181.5	90.0	110.0	130.0	150.0	181.5	193.0	213.0	233.0	253.0	201.5	221.5	241.5	261.5	70.0	60.0	50.0	60.0	80.0	100.0	120.0	140.0	80.0	100.0	120.0	140.0	40.0	20.0	40.0	20.0	80.0	100.0	120.0	140.0	90.0	110.0	130.0	150.0	
250.0	230.0	210.0	190.0	170.0	190.0	150.0	210.0	230.0	250.0	230.0	210.0	190.0	170.0	170.0	190.0	210.0	230.0	130.0	210.0	190.0	170.0	150.0	150.0	170.0	190.0	210.0	100.0	171.5	151.5	131.5	111.5	191.5	201.5	221.5	241.5	261.5	211.5	221.5	241.5	261.5	281.5	191.5	201.5	221.5	241.5	261.5	181.5	90.0	201.5	110.0	130.0	150.0	170.0	201.5	213.0	233.0	253.0	273.0	221.5	241.5	261.5	281.5	90.0	80.0	70.0	80.0	100.0	120.0	140.0	160.0	100.0	120.0	140.0	160.0	60.0	40.0	20.0	40.0	100.0	120.0	140.0	160.0	110.0	130.0	150.0	170.0	
210.0	190.0	170.0	150.0	130.0	150.0	110.0	170.0	190.0	210.0	190.0	170.0	150.0	130.0	130.0	150.0	170.0	190.0	90.0	170.0	150.0	130.0	110.0	110.0	130.0	150.0	170.0	60.0	131.5	111.5	91.5	71.5	151.5	161.5	181.5	201.5	221.5	151.5	161.5	181.5	201.5	221.5	131.5	141.5	161.5	181.5	201.5	121.5	30.0	141.5	70.0	90.0	110.0	130.0	161.5	173.0	193.0	213.0	233.0	161.5	181.5	201.5	221.5	50.0	40.0	30.0	20.0	60.0	80.0	100.0	120.0	60.0	80.0	100.0	120.0	40.0	60.0	80.0	100.0	40.0	20.0	40.0	60.0	50.0	70.0	90.0	110.0	
230.0	210.0	190.0	170.0	150.0	170.0	130.0	190.0	210.0	230.0	210.0	190.0	170.0	150.0	150.0	170.0	190.0	210.0	110.0	190.0	170.0	150.0	130.0	130.0	150.0	170.0	190.0	80.0	151.5	131.5	111.5	91.5	171.5	181.5	201.5	221.5	241.5	171.5	181.5	201.5	221.5	241.5	151.5	161.5	181.5	201.5	221.5	141.5	50.0	161.5	90.0	110.0	130.0	150.0	181.5	193.0	213.0	233.0	253.0	181.5	201.5	221.5	241.5	70.0	60.0	50.0	40.0	80.0	100.0	120.0	140.0	80.0	100.0	120.0	140.0	60.0	80.0	100.0	120.0	20.0	40.0	20.0	40.0	70.0	90.0	110.0	130.0	
250.0	230.0	210.0	190.0	170.0	190.0	150.0	210.0	230.0	250.0	230.0	210.0	190.0	170.0	170.0	190.0	210.0	230.0	130.0	210.0	190.0	170.0	150.0	150.0	170.0	190.0	210.0	100.0	171.5	151.5	131.5	111.5	191.5	201.5	221.5	241.5	261.5	191.5	201.5	221.5	241.5	261.5	171.5	181.5	201.5	221.5	241.5	161.5	70.0	181.5	110.0	130.0	150.0	170.0	201.5	213.0	233.0	253.0	273.0	201.5	221.5	241.5	261.5	90.0	80.0	70.0	60.0	100.0	120.0	140.0	160.0	100.0	120.0	140.0	160.0	80.0	100.0	120.0	140.0	40.0	20.0	40.0	20.0	90.0	110.0	130.0	150.0	
270.0	250.0	230.0	210.0	190.0	210.0	170.0	230.0	250.0	270.0	250.0	230.0	210.0	190.0	190.0	210.0	230.0	250.0	150.0	230.0	210.0	190.0	170.0	170.0	190.0	210.0	230.0	120.0	191.5	171.5	151.5	131.5	211.5	221.5	241.5	261.5	281.5	211.5	221.5	241.5	261.5	281.5	191.5	201.5	221.5	241.5	261.5	181.5	90.0	201.5	130.0	150.0	170.0	190.0	221.5	233.0	253.0	273.0	293.0	221.5	241.5	261.5	281.5	110.0	100.0	90.0	80.0	120.0	140.0	160.0	180.0	120.0	140.0	160.0	180.0	100.0	120.0	140.0	160.0	60.0	40.0	20.0	40.0	110.0	130.0	150.0	170.0	
220.0	200.0	180.0	160.0	140.0	160.0	120.0	180.0	200.0	220.0	200.0	180.0	160.0	140.0	140.0	160.0	180.0	200.0	100.0	180.0	160.0	140.0	120.0	120.0	140.0	160.0	180.0	70.0	141.5	121.5	101.5	81.5	161.5	171.5	191.5	211.5	231.5	141.5	151.5	171.5	191.5	211.5	121.5	131.5	151.5	171.5	191.5	111.5	20.0	131.5	80.0	100.0	120.0	140.0	151.5	163.0	183.0	203.0	223.0	151.5	171.5	191.5	211.5	60.0	50.0	40.0	30.0	70.0	90.0	110.0	130.0	70.0	90.0	110.0	130.0	50.0	70.0	90.0	110.0	50.0	70.0	90.0	110.0	40.0	20.0	40.0	60.0	
240.0	220.0	200.0	180.0	160.0	180.0	140.0	200.0	220.0	240.0	220.0	200.0	180.0	160.0	160.0	180.0	200.0	220.0	120.0	200.0	180.0	160.0	140.0	140.0	160.0	180.0	200.0	90.0	161.5	141.5	121.5	101.5	181.5	191.5	211.5	231.5	251.5	161.5	171.5	191.5	211.5	231.5	141.5	151.5	171.5	191.5	211.5	131.5	40.0	151.5	100.0	120.0	140.0	160.0	171.5	183.0	203.0	223.0	243.0	171.5	191.5	211.5	231.5	80.0	70.0	60.0	50.0	90.0	110.0	130.0	150.0	90.0	110.0	130.0	150.0	70.0	90.0	110.0	130.0	70.0	90.0	110.0	130.0	20.0	40.0	20.0	40.0	
260.0	240.0	220.0	200.0	180.0	200.0	160.0	220.0	240.0	260.0	240.0	220.0	200.0	180.0	180.0	200.0	220.0	240.0	140.0	220.0	200.0	180.0	160.0	160.0	180.0	200.0	220.0	110.0	181.5	161.5	141.5	121.5	201.5	211.5	231.5	251.5	271.5	181.5	191.5	211.5	231.5	251.5	161.5	171.5	191.5	211.5	231.5	151.5	60.0	171.5	120.0	140.0	160.0	180.0	191.5	203.0	223.0	243.0	263.0	191.5	211.5	231.5	251.5	100.0	90.0	80.0	70.0	110.0	130.0	150.0	170.0	110.0	130.0	150.0	170.0	90.0	110.0	130.0	150.0	90.0	110.0	130.0	150.0	40.0	20.0	40.0	20.0	
280.0	260.0	240.0	220.0	200.0	220.0	180.0	240.0	260.0	280.0	260.0	240.0	220.0	200.0	200.0	220.0	240.0	260.0	160.0	240.0	220.0	200.0	180.0	180.0	200.0	220.0	240.0	130.0	201.5	181.5	161.5	141.5	221.5	231.5	251.5	271.5	291.5	201.5	211.5	231.5	251.5	271.5	181.5	191.5	211.5	231.5	251.5	171.5	80.0	191.5	140.0	160.0	180.0	200.0	211.5	223.0	243.0	263.0	283.0	211.5	231.5	251.5	271.5	120.0	110.0	100.0	90.0	130.0	150.0	170.0	190.0	130.0	150.0	170.0	190.0	110.0	130.0	150.0	170.0	110.0	130.0	150.0	170.0	60.0	40.0	20.0	40.0	
