204.0100
205.1066
206.0247
204.0049
202.6931
207.9459
206.3739
209.5900
206.6433
199.6255
206.4479
205.6161
206.7931
199.6388
207.8168
206.8939
201.9892
204.5281
203.2261
201.1022
203.5904
205.8547
208.1055
203.3837
204.3809
213.3882
203.8782
205.1172
205.7048
203.5971
208.3432
202.7982
204.1309
197.4434
206.3150
208.1595
205.4527
202.4401
206.2501
200.7468
208.1363
202.7354
202.9257
202.3185
206.0991
203.5875
205.0184
202.3343
208.6980
205.2444
199.4181
201.2005
206.6192
202.8854
202.3391
203.3592
205.1101
206.7362
204.9500
198.8916
201.7221
209.4747
201.9660
204.4782
200.3640
208.2932
203.8477
198.3729
200.3143
204.6333
204.1333
208.6942
211.0489
201.3601
205.0910
206.5393
201.0753
204.4620
203.8462
205.2836
202.1737
205.6282
206.9265
209.6779
204.3006
205.4497
205.3806
201.6061
205.2147
205.3250
206.7228
200.5358
209.7336
206.6592
207.1659
199.9262
204.8590
202.7906
206.3827
209.9690
206.0921
205.0874
200.7494
207.6120
206.1992
204.2388
203.1553
205.2993
205.3723
208.4357
205.2389
201.1422
208.2279
207.2806
205.3141
205.2975
205.2343
208.5413
206.3478
199.8311
205.2770
204.8799
206.0045
206.9533
202.6411
208.7744
207.0855
201.8771
201.4430
209.9410
202.9456
206.9411
200.1842
202.4698
202.0831
204.9332
202.6672
205.1196
197.4483
205.5925
207.3709
201.0561
206.7401
206.6870
209.6870
208.0778
205.8675
205.9776
202.4291
198.8331
206.9426
202.1836
204.8770
206.5359
201.5551
202.7919
203.8707
201.8325
207.1162
213.6281
200.5688
206.9661
204.6821
201.6394
207.6366
205.7815
206.3216
207.1965
199.9976
203.6603
206.7464
199.7777
203.9021
205.1805
202.8578
203.6147
205.0315
205.1819
203.7217
203.5429
204.3051
208.9443
207.9229
206.2793
204.9670
203.2801
204.4843
206.2627
203.6909
201.8496
210.7554
205.7407
207.4588
203.0468
206.5287
206.6039
198.7422
207.1687
208.8128
205.0743
206.6568
207.4960
203.5967
206.7712
207.5591
204.2925
204.8109
199.5502
204.5410
202.3752
205.9730
204.8690
207.8741
204.6001
208.8427
204.4943
207.5880
201.7274
205.9516
207.3501
208.3940
208.8645
207.4379
201.4697
207.1812
206.5674
208.3990
203.3587
203.2432
204.8792
203.0705
200.9515
205.8247
204.6971
205.3327
207.2169
205.9695
205.5110
198.2879
209.5202
199.6178
201.9122
201.6565
205.2868
202.1542
209.1044
207.3132
201.9926
203.3420
202.2601
208.2763
206.3160
199.5066
199.0700
206.6709
208.4838
202.9064
204.5609
204.1389
199.9322
205.4801
201.4167
206.7263
201.4029
205.6665
215.8368
205.4457
205.0128
203.6185
203.3672
202.0593
205.0993
207.6437
204.1738
201.6799
203.4939
208.6733
207.5839
206.7036
207.4219
211.0003
201.4845
202.1792
202.5868
201.3682
202.3600
205.5783
204.0273
205.9558
204.8494
204.4263
203.3477
206.9164
203.0610
203.7186
200.2441
206.4704
200.4086
205.1565
206.3046
212.0792
208.5854
210.9119
201.5063
199.4513
202.4511
204.4835
211.8462
205.7638
202.8469
203.3345
205.1011
204.6859
198.8178
207.8756
203.6895
205.4370
205.0506
203.1963
203.6751
200.5793
205.5957
201.1931
205.9075
200.5147
210.4721
209.7613
206.3721
204.2033
202.5661
207.6423
202.5617
205.6682
204.4516
204.3744
210.3375
202.4840
206.7405
203.9744
201.7189
203.7232
202.7381
202.3068
201.4545
201.6892
210.5487
211.2017
206.3947
202.6970
204.7849
203.6651
203.4415
206.2849
201.6062
208.2297
207.0409
201.9524
206.8443
205.5545
209.0257
206.0942
204.8302
202.3884
210.8953
205.8577
207.2270
203.5791
206.5587
205.3489
202.9600
204.8971
207.3863
203.0653
206.7144
204.2972
200.6990
207.0308
204.9748
208.2554
203.0984
204.9062
207.6948
211.5049
204.5583
198.7160
205.9416
205.4916
205.2297
203.2805
204.0059
207.8015
201.0412
206.5547
209.1619
202.9704
204.6486
200.2516
209.0454
206.6780
201.0655
202.2281
201.8286
203.8605
207.0751
202.1344
202.0400
208.8014
209.0045
201.9992
199.5032
207.4636
206.5446
212.6129
202.2202
205.3601
207.0377
201.3960
208.8079
206.3759
201.0359
202.8186
205.5659
205.9928
207.8392
205.1768
202.2815
207.4068
207.3187
201.2383
207.8137
207.0370
202.6226
201.3179
204.6281
205.7616
207.0685
200.3087
202.1613
204.7399
203.2546
199.2924
207.2809
207.6191
201.7569
203.3753
206.6104
201.3003
203.8850
204.5415
204.1556
204.7796
201.7475
203.9307
203.9683
205.5442
206.6090
208.4421
201.9950
204.1477
200.9417
205.4945
202.4509
206.4225
206.4007
204.2521
211.4184
205.4342
207.0845
203.6479
202.3227
208.5270
204.8093
205.7817
204.4664
204.1448
198.8700
207.2552
205.6231
203.2494
207.8101
201.4675
207.0636
204.0893
205.3798
208.4694
203.3968
206.4600
204.9076
205.3107
206.1873
208.6609
210.9310
200.2649
199.8220
204.6105
201.0425
207.3135
212.5803
207.2364
205.3785
209.3550
207.3785
201.8019
199.5631
204.0293
204.0510
200.4153
196.5690
199.7753
204.2708
208.3197
206.0612
200.6909
202.2789
205.3419
204.1206
203.1384
203.4131
202.1200
202.8425
203.0279
208.3334
207.2750
201.1153
202.5444
205.6424
206.4851
204.9186
207.0565
201.6700
202.1741
204.2996
209.5753
205.5527
203.0460
202.3665
200.7822
207.3094
206.9983
206.2355
201.6090
208.6168
206.1510
206.7216
208.0195
201.7093
208.9276
200.6889
207.6850
202.1793
205.8556
203.6829
205.0633
204.1724
206.5333
201.8843
207.9257
202.7008
206.4173
206.5209
202.5322
206.1389
209.9925
200.4108
197.5297
202.0668
202.8107
211.4542
203.9572
204.2413
201.0086
201.9807
201.6323
203.6520
203.3487
202.7104
203.4483
200.8970
206.5561
202.5055
207.3556
205.3687
207.6123
197.1879
201.0112
203.6907
205.1603
204.4208
202.2490
210.0058
207.7040
207.8925
204.1996
201.1870
209.1641
206.1341
205.7719
206.9324
204.5236
208.7187
204.7810
211.7717
205.5139
205.2310
203.5864
208.0833
202.6733
204.3132
205.5549
203.3283
205.7732
208.6959
199.0608
202.7169
202.7737
204.0874
207.6683
202.4760
205.0232
203.6272
199.9891
207.8585
211.3212
201.7740
207.7912
203.7610
205.9781
203.9157
207.2722
205.9424
203.1333
201.5189
204.1078
202.8770
205.4328
210.6025
195.6193
211.5834
203.1478
205.2197
209.0577
203.7069
200.9922
203.0969
212.1583
207.1576
207.9838
208.7126
200.7645
205.9906
199.9709
209.5512
210.6634
199.1390
201.0765
203.1521
203.2465
200.2899
203.5373
207.4118
210.1518
205.4916
206.1891
199.9210
203.9217
208.6155
210.3074
205.9240
207.6700
208.4007
208.3440
202.9788
204.7281
198.0598
203.0645
207.4458
207.3909
197.5164
206.5901
204.9987
207.8776
206.5247
204.2569
204.6886
201.1250
202.3170
210.8289
205.4949
201.9023
205.0393
200.7458
203.9742
206.6248
206.0386
210.9068
205.8391
205.2044
206.2371
202.6325
204.4915
210.8876
207.8201
206.7950
203.8603
209.2406
202.9233
206.2022
204.7446
208.4920
205.3971
207.6746
204.3799
201.8157
210.0038
205.9908
201.8126
199.1983
206.8068
204.5747
202.9012
205.7516
203.8368
201.7942
202.6568
200.9345
205.0638
204.3834
208.2293
201.6313
205.3740
202.1028
203.8418
207.6052
201.0476
206.4553
204.6244
202.1087
209.0257
200.5955
208.5812
207.7853
206.6315
211.0720
204.3750
206.9850
204.0151
201.1230
203.3169
203.0515
203.3265
203.1261
206.5360
208.5195
209.4993
204.1875
201.2054
205.0618
205.5339
203.5351
205.0760
203.7257
204.8931
205.9371
206.4358
205.5581
204.8141
205.1383
203.7949
204.4619
210.1136
203.7814
203.2631
201.1561
199.0923
202.7425
201.5315
209.2783
201.0939
205.7040
207.6149
202.6727
204.8873
208.2286
208.9465
206.0474
206.8883
204.6519
201.4406
199.6127
205.5920
203.3090
201.8621
205.4330
203.8231
203.6320
205.7606
202.3097
208.1603
204.1723
208.7796
207.4611
203.6401
202.7201
197.3862
203.6741
205.5287
207.3655
208.3374
207.3220
205.4996
204.8186
202.7962
209.2959
204.8646
203.1446
205.3233
207.4402
203.0694
205.8589
207.4638
204.6197
209.2196
203.5379
202.6901
210.9376
204.9278
205.5588
205.0895
203.5675
207.3915
205.7245
202.5286
201.3496
202.5403
206.5420
202.8356
202.3471
211.5690
203.0987
203.4938
201.6639
204.3920
206.7445
203.8096
201.2331
207.2108
203.3409
203.3572
207.3946
207.3318
195.7123
202.2485
213.0064
206.4611
198.4284
202.7026
203.9852
211.2105
203.7132
201.5648
202.7178
206.5686
205.3181
201.9470
205.4073
207.4809
200.9527
201.4239
202.1359
203.9205
200.5273
199.7321
209.2278
202.5100
204.3383
204.8242
201.3927
205.5760
203.3724
203.6295
207.7956
207.1514
206.2047
200.3199
202.7564
206.9815
198.9864
202.8116
205.0289
211.9386
205.5914
199.3558
202.7948
212.5698
207.8824
207.2188
200.1679
202.9482
204.4047
210.2435
202.4944
206.0052
203.6943
205.4800
210.0284
205.7027
206.7440
204.2199
199.9331
208.5449
202.6183
201.2098
205.7165
199.2180
199.6370
202.4849
205.2291
199.3587
208.7943
205.5356
202.6623
208.2546
203.6400
205.8782
203.5405
200.8857
205.1745
202.4504
203.4031
208.0466
211.9426
204.7291
212.3372
211.3003
211.7151
203.0892
203.9225
204.8559
201.3775
204.0268
203.0749
203.0909
203.6362
204.1251
208.1317
210.0366
201.7795
205.2828
212.2069
208.3783
200.1413
202.7419
202.9381
202.5433
204.6207
203.0905
203.7833
202.5847
207.5185
200.3904
205.6741
202.5204
204.9768
206.7211
205.4812
202.2704
208.9965
201.2565
201.2883
205.0687
206.1861
211.3460
198.6314
205.7300
206.4879
204.3097
208.5048
204.1101
204.4942
203.1907
204.7456
202.4317
211.5697
200.4373
207.2634
204.1076
206.7794
204.7110
206.4820
203.6189
207.9193
208.9691
206.1309
202.1505
201.0217
203.1391
200.5461
203.1184
205.3057
208.8373
203.1109
209.8502
201.7370
203.2434
206.8409
209.7889
205.4411
212.7114
205.0525
204.0365
207.7422
209.6242
203.3413
202.0561
205.3183
201.8481
204.8454
207.1411
201.1101
205.2024
202.7769
204.2793
207.9656
206.0913
200.8990
200.7610
209.5278
203.0549
205.1043
210.2480
202.9286
201.4914
204.5089
202.9183
199.8997
203.1928
201.1923
203.5266
204.1602
204.3037
204.8252
200.7941
205.3655
206.0397
203.3289
204.5582
201.3871
203.9941
204.6042
200.7979
207.1215
200.4297
204.6678
207.8703
201.8125
205.2091
202.6747
206.2145
204.7859
205.7202
200.4816
204.9731
209.2774
202.3785
208.7335
204.3618
202.2666
203.8435
204.3406
204.2760
201.7686
201.5012
203.1349
204.2433
201.2716
206.2830
203.4049
208.5108
207.0938
205.5383
207.4924
202.6272
205.0968
201.8371
202.6336
207.1793
204.7640
203.1023
207.3737
205.1786
204.3374
204.5329
205.0006
204.7788
208.2030
207.6105
212.3217
208.1176
202.5991
206.4934
201.2845
209.4448
204.2838
207.7637
204.3772
201.2045
200.3610
202.5076
206.6660
202.4691
203.9275
204.1408
205.7576
205.0158
200.9962
203.8720
205.7003
204.4770
203.0193
203.6044
203.0880
202.3329
205.6450
206.3496
208.0586
203.4752
201.9300
202.5410
210.0258
202.7837
200.2534
197.4383
210.2874
204.5635
202.5114
203.9565
202.5765
204.6468
204.3813
211.2178
203.2569
206.3685
200.5534
208.8697
206.8166
199.2900
205.5742
201.0251
206.0157
204.3183
202.4400
207.1574
206.1541
205.9641
205.6625
207.5579
201.3083
206.3766
205.9597
202.5399
203.4193
204.8696
201.9415
208.1645
201.7976
208.1766
200.8725
200.9913
202.3578
206.5503
207.1581
204.1277
202.1169
203.7471
208.6578
202.0353
206.5759
202.3787
202.0356
208.6100
206.9045
205.5308
204.0221
203.0941
206.0110
201.7776
206.2219
207.1321
210.0844
206.2115
207.8339
206.6361
206.6942
202.2733
201.9981
202.7688
205.9373
207.2539
211.6527
203.9362
202.4211
203.3891
205.6761
205.3680
209.5243
202.8303
205.1001
206.9467
202.5820
207.0045
204.7037
206.5644
206.9964
206.1720
204.0765
203.2495
209.7220
207.0971
203.3646
208.4334
205.9758
203.2959
204.3068
205.6335
199.5266
205.4795
204.5101
212.3072
205.1371
202.5946
202.3849
205.8264
204.2089
210.0310
201.6487
202.1478
208.6695
206.6406
201.3661
211.4916
205.7269
204.2882
206.6283
208.0022
202.3620
202.9916
203.6891
209.7462
207.3813
203.7665
203.3151
204.6868
200.5872
204.7795
202.9454
206.3458
206.2315
205.0980
207.6318
204.9391
205.1955
201.2284
207.6608
200.3139
205.9540
204.0645
205.3818
207.2202
207.3691
200.7202
203.4619
205.7712
202.9897
210.2873
209.8894
200.8946
200.3470
202.6835
205.7370
207.3042
205.0386
210.7082
203.5278
199.4823
205.3069
209.9726
207.3559
203.9883
202.7067
212.3077
205.6881
200.8732
212.9345
203.4029
206.2205
204.9410
201.3511
199.0964
209.1031
206.1693
205.0059
204.7337
202.8366
210.0713
203.8391
200.8912
203.4544
205.8901
204.1852
213.1719
206.5460
201.3392
206.0482
199.7328
204.9525
208.0117
205.9360
203.3492
201.4865
204.7440
203.9286
203.2286
207.3241
202.8653
207.0208
208.6304
201.2688
207.8140
205.2113
208.0527
206.0703
204.5426
200.5766
207.7432
208.1009
207.9881
209.0518
202.6802
201.9916
206.1095
203.8513
203.2425
201.0375
205.0859
197.0725
204.6653
207.5753
201.6323
199.2162
207.0569
207.7343
209.0886
203.0937
206.3897
204.9422
205.5022
202.3709
209.1877
202.1696
211.2091
204.5700
194.5039
201.1872
206.7878
202.6177
208.0290
203.4898
207.4914
207.0658
200.4490
204.1270
207.3635
205.4364
207.2672
205.3816
204.1036
199.0713
205.3961
205.6476
204.0368
197.7650
209.0288
203.3908
207.5311
207.2395
204.8845
202.3517
208.8008
198.6491
201.5430
205.2124
207.7519
204.1927
209.3135
202.2110
208.6224
201.7027
209.4925
202.1077
205.0423
209.0280
206.4349
207.4301
203.6520
203.4399
209.8972
201.7671
207.4126
196.8761
203.1184
205.6290
205.0222
203.3912
202.2321
205.5593
202.7539
203.7520
200.6226
201.9526
205.1972
203.3824
207.8334
202.0229
204.1856
203.1800
206.7921
200.1711
202.8373
204.9889
206.9833
206.1982
206.3154
210.2578
202.3351
202.2060
202.3426
207.5640
202.8993
206.0382
201.9589
204.1472
207.5608
200.6942
208.2008
205.8360
203.3517
203.9216
208.8505
205.9117
206.4754
205.1986
201.9106
204.7800
205.6373
209.5098
202.1733
208.3779
206.0135
203.3279
205.7937
201.1589
201.8272
204.4536
207.1741
200.5579
200.6518
208.5681
209.3749
197.5511
205.3888
202.1961
203.9501
204.5388
207.0181
204.7966
202.1756
204.3034
202.7231
204.8441
207.0452
204.0306
199.8247
205.7394
209.8797
207.9957
198.6020
202.4210
204.7335
204.0442
207.1574
202.9166
205.9001
202.4105
203.5752
199.1106
204.0804
202.8831
205.5373
207.7246
200.9414
201.2003
202.2053
208.1713
203.8518
203.2311
204.3045
205.4361
201.1856
204.6344
203.6194
208.6945
206.3493
208.5065
206.5119
198.4570
197.0754
198.5440
203.2615
204.2573
204.2195
201.4246
200.3545
203.6543
205.1572
206.0161
199.4566
200.0709
203.5716
202.6970
204.7575
205.0133
209.5982
205.3432
205.2462
202.3690
207.3329
206.2353
200.3050
209.7304
203.9264
205.2671
208.2442
205.5155
204.8604
200.5031
201.1916
207.5370
209.6572
203.3638
206.1360
203.5668
209.3926
205.1904
205.4516
201.5316
201.6140
210.7834
205.5308
203.4769
202.5720
201.8617
202.4130
208.5703
206.8563
201.3265
200.2997
202.5964
200.3127
204.9893
208.3322
203.1220
205.7717
204.6050
202.5728
202.9784
208.8024
206.9424
202.6416
205.5149
200.2197
204.6701
199.8276
204.1592
204.8951
205.4371
205.1238
206.4792
201.2962
203.7995
207.9620
207.2193
202.0734
210.6834
208.3663
209.8126
205.9175
205.0514
202.5096
203.1117
205.6142
202.0177
202.3904
204.8396
207.3970
201.2828
206.3652
202.8748
209.8146
203.1346
209.3321
210.0568
206.8101
201.1829
202.9153
205.0849
206.4270
205.7448
202.7645
203.2336
198.1051
207.7010
202.8533
205.0861
206.1308
205.2614
204.2990
206.9789
207.1473
208.1952
207.9824
205.8951
204.3695
200.0611
201.8818
204.0513
204.5212
200.3732
204.0879
203.5831
208.0085
205.2748
203.0783
205.1934
205.2823
202.8858
204.2513
209.3949
209.0833
201.9146
203.9743
206.3233
204.4332
197.6014
201.2105
207.3018
204.8962
209.0792
211.8374
206.0911
201.1016
203.6979
206.4824
204.0246
202.5562
203.6458
204.0625
203.4848
203.1661
203.8456
200.6250
200.4036
209.4482
203.1668
203.5798
201.8981
203.5149
202.9245
202.7892
198.6002
206.4494
202.3295
206.0933
206.9357
203.6661
207.2856
205.6774
206.7692
205.7522
204.8927
199.9737
200.7393
206.3788
203.9366
204.9104
210.7022
200.4117
203.3922
206.1346
205.4809
201.2700
205.0560
206.5689
206.6546
207.8631
202.6724
208.1351
202.8667
203.1130
206.0675
203.7045
199.1627
203.2117
205.0832
207.1533
201.7471
206.6504
201.9555
200.3582
207.0976
205.0939
206.1959
206.9102
200.5621
201.3222
199.3846
200.7722
203.7194
203.3788
210.3117
206.5353
203.7247
206.7508
204.7716
207.9324
210.4551
203.8731
206.8371
205.1387
198.5497
205.1706
203.7780
211.2278
209.1305
208.8101
202.3115
198.9050
206.0656
207.8261
205.7059
205.9959
203.2153
199.3200
204.8083
202.8236
200.9856
205.8954
208.1049
206.9167
203.2011
208.0956
203.0986
201.0609
201.6075
200.0456
204.1583
206.3768
202.5872
203.5530
207.7680
204.1822
200.5445
206.3944
205.2337
204.3616
206.6594
203.3564
208.9797
200.0104
199.9424
205.6129
205.1516
202.3833
210.2756
204.2317
200.1293
209.3503
202.1124
202.3578
206.1685
205.7183
201.1348
203.5066
201.6846
207.2649
202.2920
204.8680
205.0559
210.2761
197.9225
208.3166
207.7090
207.8086
202.2982
204.7221
205.4610
209.7814
204.3430
197.1612
208.9286
208.4901
205.4661
203.7744
204.0875
206.9811
209.0377
202.2013
206.4935
203.7447
203.2837
205.7207
203.5812
200.1299
208.4273
206.7647
201.4130
204.9430
203.9929
204.0384
207.5664
201.8893
208.3737
209.2932
202.8318
203.5756
199.5910
205.1924
204.6905
201.7867
200.3168
206.9280
208.6209
204.0713
207.2358
205.6519
207.5995
204.1664
204.3291
207.6569
203.5383
204.3768
197.5018
206.9225
210.1352
207.1147
204.0590
207.6261
207.7208
205.7731
203.4553
204.4662
199.1713
205.3940
201.0452
208.9621
207.7094
205.6863
207.7903
210.5320
205.9511
208.6642
206.9780
207.0766
205.7432
201.7976
206.0045
204.8353
203.7513
208.2693
204.5678
207.1836
204.1168
209.5999
206.0599
209.1979
204.3277
199.9602
206.2155
203.6849
204.1801
205.2264
203.4933
200.1451
207.4055
205.0399
205.6583
209.8939
209.8234
204.3611
207.7131
208.3262
202.2495
204.9693
203.3610
202.0743
204.1760
204.4076
205.8780
209.5426
202.4125
202.4504
208.8695
202.9585
204.0223
208.4245
204.5267
209.8006
206.7763
205.7947
203.8934
204.0555
210.8103
202.7170
207.9604
203.9530
203.4136
201.6358
200.6141
204.9989
202.9545
208.0473
198.8775
202.1912
206.4596
203.7922
206.0197
202.6132
204.2830
205.8913
206.1654
204.5047
205.5866
203.0600
203.9678
204.9182
209.1183
208.4857
201.1653
206.5854
205.4172
205.4290
204.4868
205.5340
201.7555
202.7711
204.1761
204.6938
202.0960
201.6779
203.2945
212.9085
200.7638
203.9576
205.7117
202.4353
200.5601
205.1141
202.8859
201.1711
203.1234
203.2611
204.9505
204.3709
206.0488
207.3422
201.8041
207.0592
209.4202
205.0147
204.6233
200.9114
207.3314
208.0087
203.4406
208.3219
206.3088
201.1445
204.2094
206.0934
196.9671
203.8405
199.0179
206.2232
213.4011
211.5511
204.8929
202.0710
204.1792
203.5298
200.9559
201.5731
204.2969
210.2621
199.9821
206.2453
208.6162
209.9391
204.2517
205.7391
203.3163
206.4297
202.7000
206.7188
207.5908
205.5569
207.6633
204.4938
203.8054
206.6367
203.9439
208.3390
205.7124
201.3699
204.6434
210.9200
205.5708
207.2511
204.4841
208.8301
208.4522
204.6638
204.8459
207.9716
207.7426
204.3389
201.0120
203.1545
206.5003
210.2255
202.5889
202.3969
206.6770
203.5209
198.2629
204.6865
207.2986
200.0084
199.5804
201.2568
203.5523
207.4256
208.3954
203.4899
205.8497
207.9314
200.9798
204.3570
205.7509
207.3482
202.8815
205.8337
205.5305
203.9863
206.0979
203.8108
207.5063
200.9328
199.9948
202.0675
205.9013
202.1087
208.7261
207.3057
203.8787
204.1673
204.6742
208.1904
203.0772
202.6987
205.7611
203.7423
200.5619
205.4003
205.7627
206.6857
201.7823
204.0964
208.5720
200.0772
201.9962
203.2825
203.9586
207.2642
206.6358
202.9864
201.1513
205.5475
204.5223
208.0253
204.8286
198.0099
204.0545
202.2701
199.9301
203.5337
200.1959
205.7122
202.1425
203.8973
203.2823
203.8456
201.2629
201.5493
200.2019
200.9382
209.4488
208.0864
204.9081
200.7505
204.5690
209.8015
204.2507
203.7451
202.2903
202.2287
200.4762
205.9263
204.8963
208.1993
206.1161
205.6447
212.5699
204.0184
210.4406
205.1902
201.5894
204.6145
201.2049
205.4564
208.8089
200.8550
202.7404
210.4848
202.8354
204.6362
201.5594
209.7582
199.7791
204.3164
201.7667
204.4532
203.4074
211.0726
204.9735
205.6163
207.5672
204.0898
205.7953
206.5011
205.3528
206.7493
200.1752
207.3213
206.6573
200.3155
203.1627
209.6433
203.3634
208.0292
205.3826
206.7122
203.0602
208.4829
203.7455
205.1816
200.8169
201.7977
201.5831
206.6981
202.2688
207.3738
203.4889
202.4186
202.4482
204.1248
206.7927
204.1161
204.4789
202.6250
203.4518
203.5896
208.2813
203.5063
206.8774
204.0198
206.0950
202.4054
205.8551
207.1119
208.4880
195.7634
204.0786
207.3740
200.1352
207.1629
204.5814
203.2261
201.0306
205.2024
208.2560
208.0652
210.0422
205.4089
204.8788
209.3973
206.0980
202.2915
202.4170
205.0825
202.9780
204.7641
204.8926
204.8852
202.9713
208.0643
200.9598
205.4506
206.9394
209.3347
212.7577
203.9228
208.4870
204.9889
204.1125
207.2048
204.1368
202.8049
202.9956
201.0174
204.0948
207.0689
204.6008
203.5305
203.8342
198.5701
201.3885
204.0339
204.9337
208.4851
202.7854
203.3557
200.4561
204.0695
203.5869
206.0461
203.9333
203.7423
202.2657
203.3027
201.6461
202.9239
204.9011
200.6705
204.7977
208.9387
202.4378
202.7816
202.6327
205.9510
208.8231
204.2071
202.8672
205.9361
202.8664
211.7076
204.6255
202.4104
201.6668
205.7129
203.1312
206.3922
204.8503
209.6537
203.5991
201.4235
202.2680
207.3318
202.7402
207.8229
210.9134
205.5518
203.5639
206.7657
198.3875
205.5005
204.8070
203.9606
205.7637
209.4350
200.7247
204.0361
207.8264
198.4145
200.1331
204.7826
206.7073
206.9902
206.6555
207.5191
209.3171
200.4859
202.6617
200.3191
205.9832
203.1427
208.5062
211.8597
203.9540
199.8801
207.7911
199.5038
198.9311
209.6865
200.3755
205.8013
202.4507
206.5792
201.9723
208.4121
207.0705
205.4167
205.2583
210.0715
203.7491
206.2338
200.3842
205.9185
204.2302
206.1669
204.6063
203.3698
208.8385
202.9709
206.7731
203.3912
203.3416
207.4753
200.7411
208.2374
203.3270
201.4344
207.3669
202.8765
203.4955
204.8770
204.6731
203.3962
211.6390
206.3929
208.0329
202.6429
206.2962
200.5841
207.0086
202.6071
202.7117
204.0771
205.1145
200.9222
204.1362
205.1432
204.5512
204.7411
203.9906
203.3706
204.1016
208.8420
201.8664
206.5298
209.0892
204.7394
204.5372
202.7480
206.9096
207.4710
203.1505
206.5773
206.5228
207.3704
200.9197
201.5908
199.2151
207.5508
200.4254
202.8132
204.6053
199.4588
205.9842
200.6965
197.9184
203.7082
200.9823
205.6958
203.4222
206.6785
206.2883
206.7724
205.9006
205.9420
204.7127
205.1134
204.7910
204.0277
202.1117
203.5986
206.7203
202.8065
206.2504
207.0285
200.7050
205.2576
208.1384
204.7961
206.3597
202.3580
201.9529
201.5057
199.1304
202.4003
202.8126
204.4976
203.8770
206.8093
206.0459
209.3284
207.9716
205.6181
205.6182
210.8738
206.0865
204.6965
206.2804
207.3945
209.6833
200.7505
203.3315
204.7609
201.5164
204.3613
206.9677
208.9268
207.5394
207.4185
202.9265
200.6922
206.5518
200.9275
208.7697
205.9101
213.6853
209.5713
203.3984
203.7392
200.3156
200.8726
202.8090
204.6998
210.4556
212.7005
209.0618
205.2508
203.3039
201.8239
201.6370
207.9332
205.3100
202.5461
204.3025
203.6041
201.6438
202.2633
200.1916
211.0842
204.6652
205.3357
205.5187
210.1727
207.0238
204.1380
209.3274
200.6741
200.0140
206.8169
206.7213
205.8531
203.9723
203.3741
205.6343
205.8582
203.9807
205.2070
200.8839
203.1849
207.1390
202.7812
206.6329
206.9467
206.4667
205.4948
202.8221
205.7215
201.2872
212.3148
201.6059
202.0939
204.3023
207.1179
202.1831
200.7205
207.0573
204.8798
206.9293
206.4450
204.0142
204.2053
207.7658
207.9669
200.7826
201.7740
205.2489
205.7468
205.8546
205.4256
206.3088
204.5805
204.3569
202.7636
205.0216
204.0439
201.1161
204.0589
205.1214
200.5813
207.4478
203.5223
212.1255
202.6307
209.0825
202.0377
209.5210
207.9310
203.3163
203.7004
204.4777
202.4566
207.2423
207.1585
200.3194
208.4636
203.1652
204.7776
208.0451
209.7253
202.6479
203.7317
209.3543
200.3425
201.0797
205.6196
204.9101
203.2876
206.2932
205.0626
204.2046
205.4534
203.3537
200.7361
206.5245
199.2062
204.8688
210.3747
205.0097
211.0484
204.0099
206.6495
210.5163
211.5279
203.3866
204.9421
206.1435
205.1814
206.0450
203.9026
200.5482
211.0628
204.2860
201.2722
202.8557
205.4468
205.4176
204.1047
203.2579
206.4934
200.5344
204.8878
210.6542
207.8383
202.2068
206.5421
205.6204
202.8327
200.7155
201.1075
205.2474
201.8431
206.4684
208.2486
201.5037
209.0956
205.3372
207.3315
207.9329
207.5148
205.9084
208.8448
204.8677
212.4161
203.4259
204.5108
207.1065
207.3434
198.8692
203.5971
205.6475
206.1322
203.7610
203.7378
208.1021
206.7088
202.9200
210.0177
209.5223
206.4709
202.0500
204.5120
203.8600
203.0985
203.9586
203.8641
203.4577
205.7138
201.7000
209.5360
209.0794
203.9543
203.8303
209.3473
201.4116
201.6626
201.1868
210.6932
199.0551
203.9170
204.6703
202.3644
209.7382
209.8078
205.9461
206.3667
211.3313
207.4909
203.5326
205.5835
199.0518
208.7362
208.8945
202.0328
208.8499
203.2573
201.6449
204.2059
205.3262
203.0322
205.8748
204.6750
202.3384
202.2734
206.8753
205.3599
206.0435
203.5424
205.8825
204.5996
204.7821
206.7086
205.4868
203.9505
202.3353
203.0507
202.0044
210.3956
201.8422
202.5275
204.1044
202.8110
206.9073
202.0316
206.2525
204.2814
203.7704
209.1979
205.0974
205.1658
210.0488
206.0984
203.6896
203.6157
208.5580
206.5240
203.4709
204.3067
208.1018
205.8408
201.4111
201.0999
207.0463
201.8192
204.4514
206.7392
202.1640
203.1865
205.1051
204.5964
204.2588
208.0346
203.5889
203.7245
209.4126
208.1925
206.3165
199.5164
201.8657
206.2688
211.1075
202.6564
205.9080
201.0704
205.9697
207.5477
205.0937
201.1821
208.3210
209.8915
207.5852
203.6122
207.2922
205.5256
203.6468
202.6311
202.1328
208.4441
202.3338
204.0586
202.8344
205.9082
209.2910
203.7051
200.7336
197.3214
205.0220
202.9985
211.0982
205.7524
205.9623
209.8989
205.2927
203.0859
206.2188
208.1961
208.7998
205.9398
205.1491
201.9654
201.4065
203.6338
205.5099
209.0854
200.6733
205.2060
207.7454
200.0623
205.5289
204.3453
205.7018
207.0273
203.7456
202.6418
199.3370
205.5879
205.8045
206.6311
209.1604
206.0940
205.2677
205.4230
211.7342
201.6149
204.9907
203.4661
205.3020
213.0339
203.2908
210.2536
199.5242
204.4017
207.3371
202.0063
210.3670
202.4419
200.1658
208.5630
205.4784
206.4723
197.0193
206.3782
209.6577
197.1063
201.7871
207.7478
207.6184
202.9905
197.6053
203.1162
206.6629
203.0502
204.3654
205.3944
197.1533
200.7894
202.0521
199.0983
201.4496
207.3587
198.0469
206.4549
207.0410
204.6266
204.0268
202.3210
208.3555
208.0265
202.2619
203.5063
204.9964
204.3966
205.6940
211.4054
206.9770
204.7829
203.2868
204.8667
195.7200
208.5213
209.4767
202.6538
207.6689
197.2462
207.8853
201.7836
201.0078
209.5422
207.9867
208.1183
207.2009
206.8194
206.4449
206.8027
203.7766
202.8209
203.4795
206.4700
206.1465
206.1019
204.0741
207.8414
205.9017
206.4342
207.0908
202.4269
200.6417
204.1735
208.2713
203.1530
201.1544
201.6414
204.8228
201.0298
205.0207
204.8013
205.0528
202.3949
211.2698
209.3292
203.0153
198.9120
203.3960
212.5129
206.9919
205.6101
205.5765
205.4704
199.5541
203.3518
206.8198
201.6372
205.7312
205.7269
205.0039
207.5037
202.4049
203.4709
206.0292
207.4497
203.3313
200.6392
201.2358
210.3283
196.8877
205.8691
200.9428
207.2998
206.4563
205.0928
203.3616
206.5872
208.3034
201.9039
200.7830
212.3598
204.3663
208.5986
203.5972
204.8277
204.8200
201.3753
205.3679
206.0229
201.2164
201.1308
209.3612
203.9702
211.7567
207.2980
205.4278
206.2797
202.6515
203.8588
203.5725
206.7277
202.9504
201.8358
199.0560
205.0290
205.5440
203.0659
199.5246
202.0001
203.6376
209.1244
199.6314
202.9062
205.3770
204.0781
199.8255
207.9314
201.1271
206.4477
203.1558
199.9998
207.4292
200.7407
204.0337
202.1846
207.8493
209.5018
209.1558
203.7683
202.9403
204.9850
200.0381
208.2459
202.3324
204.9239
202.8155
205.9861
206.2268
205.6645
204.3745
208.7872
205.3995
201.0066
206.0689
202.9509
202.5503
199.2844
202.2463
203.8285
204.3683
205.6996
203.3062
200.7369
202.5694
207.5220
205.5121
202.1477
204.9496
205.3744
205.0464
207.2146
201.7682
203.4682
201.9278
206.6534
204.2502
203.4969
206.7440
205.7137
202.6202
204.7086
207.1665
204.4755
208.5067
205.2811
201.4945
203.4971
208.2407
209.1147
207.5565
207.8416
208.4599
204.8155
204.2779
202.0476
213.5165
196.6095
202.0205
208.0380
205.2955
203.0580
206.2960
202.9256
209.4478
204.0569
205.4491
203.4888
206.7180
206.8309
206.7736
203.1971
202.2350
203.3130
207.6779
204.8696
204.6510
204.2979
206.8444
208.1276
201.9278
204.3407
202.7940
209.4764
203.3125
207.1883
201.4797
206.1529
206.8716
206.5995
200.8980
208.1707
205.1358
208.1986
206.9702
204.1883
203.7344
203.2164
204.8241
205.4584
202.3893
211.6462
206.2647
204.6837
201.7833
200.7886
206.5165
202.8788
209.1654
203.5865
204.1845
202.7110
210.9435
202.9225
206.6241
204.4622
203.3866
203.9002
204.8532
206.5372
206.8826
200.1390
203.3579
203.6443
208.7480
204.7768
200.4681
211.5610
204.2630
200.9114
208.7352
202.8372
204.4930
207.8190
202.8309
199.7523
205.1080
208.9917
205.4905
198.9208
204.0598
201.5997
202.5748
204.7388
201.3070
206.0207
204.2298
208.2015
207.4962
201.1724
204.3556
204.8153
201.4293
203.3659
209.7284
205.5216
201.9762
207.7972
199.7062
206.2264
202.4178
207.7314
208.6850
203.3651
207.8282
202.8222
204.6282
206.2105
204.4361
202.6341
204.6303
207.2656
200.1289
199.5893
206.4852
207.3479
197.8518
208.3407
204.6641
201.4917
199.5117
202.0134
203.5175
205.9051
202.9766
203.6618
205.0995
200.0803
204.3402
208.2218
212.1929
201.5846
207.8558
206.9301
199.1742
211.5014
208.5134
204.2255
209.7978
206.1323
203.0724
204.3132
200.4843
201.2287
205.8170
208.5065
203.1912
200.6113
206.0004
206.2223
204.1517
208.6165
205.4234
198.5237
203.4744
208.3072
204.3923
203.5017
198.6861
208.3102
203.2662
200.9321
207.4259
205.1628
204.2099
199.9944
204.6947
207.7981
203.9728
197.1240
204.4198
204.0648
202.2495
200.8821
204.4020
210.5045
206.4710
206.8661
205.6288
202.4013
202.1847
202.8294
206.5649
207.3026
199.6092
205.9120
201.7107
204.0898
202.9803
201.9468
201.9635
203.4599
201.0969
204.1941
204.7106
204.5105
205.0151
202.9902
209.0430
201.9309
200.5959
202.6386
201.9865
207.4054
203.9108
205.3627
208.6139
208.8596
209.5870
207.7983
206.9017
201.8194
201.2248
207.8303
207.5419
210.9724
202.4662
201.0030
206.2525
204.3503
208.6073
206.6793
200.7744
204.6388
201.0723
205.3345
204.1798
203.7017
198.6439
207.6229
204.3016
206.3070
201.0078
209.6652
207.3552
203.7623
205.6497
205.5563
200.9143
204.3616
205.4528
204.4672
211.7622
210.6734
204.4277
204.2787
204.5225
200.7840
202.5663
208.6079
208.9134
202.4413
206.5336
212.2977
199.2921
199.1571
209.3519
203.2237
201.5201
206.7806
206.2974
211.6030
201.0882
205.2965
204.0918
204.0749
206.5354
200.0744
207.3747
204.2445
203.1185
205.1542
204.8397
204.6216
198.5675
208.4799
202.4416
205.9284
204.3464
209.8813
201.5339
204.3431
209.6738
200.6421
206.0139
203.4727
205.1857
207.8015
201.0412
204.8690
206.7267
210.0491
202.0953
200.7315
205.8212
204.4133
209.6787
200.7450
202.6218
206.6551
206.7278
199.1178
206.2186
207.3293
202.9171
208.9624
199.6633
204.1590
206.5168
206.2267
202.8717
204.5016
205.3915
205.3591
202.9538
205.1545
205.8840
206.5674
204.3862
208.5105
202.2281
207.5376
210.5082
201.9964
200.4205
205.2341
199.4276
210.7118
199.9997
205.1908
203.5963
208.2688
203.7710
208.4176
201.6180
204.7874
200.7651
202.2426
209.6210
205.3613
203.3247
203.7711
200.8108
202.6637
202.9124
206.4730
205.0584
209.5285
205.3448
208.3968
197.9816
206.3700
204.7419
205.9709
204.7922
203.8582
201.0001
201.4825
206.1107
199.9864
208.9461
211.2759
203.5929
202.6357
206.6473
198.9044
202.1275
205.8475
202.7699
202.6475
205.3899
203.5941
203.9967
199.3423
204.7504
203.5327
211.9096
201.5967
206.3742
207.1695
206.9362
207.2722
207.4418
201.4184
207.3134
209.4349
206.6853
208.2073
204.3966
204.4156
207.3103
204.9416
206.9048
206.4769
202.9515
202.5702
208.6238
203.5856
209.5658
198.9086
210.0016
201.0199
199.9895
204.7994
207.3765
203.1018
198.5296
208.1248
206.4726
209.4540
205.7001
199.1487
202.4311
206.4380
205.7331
206.1571
209.0979
205.5470
210.7983
205.4440
201.8254
204.6962
209.6500
209.2319
203.8210
203.1137
208.3324
205.3620
209.2127
205.4324
211.1911
202.3917
205.9684
208.9297
211.7049
202.4020
206.7485
198.7653
202.6375
205.1085
204.7088
205.7274
202.1006
208.2129
208.3045
204.9418
209.3379
207.3040
209.5922
202.9592
199.6249
198.0292
203.0306
203.5215
203.8967
204.7488
204.2748
207.3018
201.8170
205.9106
206.1406
204.7967
202.0417
205.2171
206.9746
200.7221
201.0816
208.9055
203.1214
203.6896
204.0152
204.5166
203.5271
203.2161
205.8007
210.2506
204.8847
205.6643
209.7104
201.7917
204.0467
204.4383
202.0908
205.7226
203.3382
204.4449
208.2906
209.6179
207.1495
201.2161
203.1548
200.2778
202.5914
207.4760
201.9520
208.9668
206.4430
202.0063
200.3778
198.9185
205.1684
201.9742
197.7168
202.5252
201.7877
213.8720
200.0780
211.4866
198.2618
208.1475
210.8171
205.5465
202.0706
208.8260
207.8073
213.0317
197.6690
209.9071
206.5552
203.1308
200.9823
206.6156
200.1043
206.3332
205.4897
201.1433
206.1641
197.9351
209.0018
204.7161
206.2535
201.0630
211.2972
203.5041
203.5623
204.9132
203.5854
204.8093
210.4771
200.9244
206.0373
202.6107
201.8787
201.1779
204.4857
208.0311
206.9283
206.3137
202.1169
206.6881
203.5987
202.3337
205.0711
206.7532
206.0539
204.6051
201.8109
201.2265
203.7427
204.4189
206.1748
207.8926
206.8456
201.2268
205.9689
204.8624
208.3487
207.9604
205.6438
205.7063
207.3125
201.2862
206.5570
201.0160
204.1227
202.0136
204.7314
207.0762
201.4132
206.7354
203.3830
205.7548
208.7177
204.9612
206.1322
203.4181
206.1769
210.7910
207.6550
209.2448
206.9576
208.6226
206.2285
207.4121
208.9124
207.4190
204.2784
199.3493
204.7011
204.9943
208.1063
200.5526
204.9285
207.3944
205.4529
203.6581
204.7993
207.1470
204.4299
206.4101
206.8423
205.1309
204.9380
207.0443
203.7547
203.2717
203.4303
203.5794
205.9024
205.2030
205.3218
204.1725
205.4564
201.2897
204.0505
204.0577
205.5433
205.9582
202.7762
201.2349
203.3924
200.4635
207.7861
200.3411
207.1693
204.7219
198.1460
203.3719
205.3679
202.6417
204.5258
202.3940
201.9877
205.8224
210.1104
205.2306
210.4135
200.6840
199.0468
210.3795
202.9096
206.1027
203.5090
207.8456
207.5210
203.3297
201.1157
206.4047
202.0001
205.6628
204.0035
201.0941
207.3741
198.7408
201.7674
208.6093
202.8523
195.0211
203.9396
210.2300
200.5695
204.6023
203.4507
204.3206
202.4313
205.8774
200.8382
205.1264
202.3369
206.5912
210.4929
202.2156
200.8102
207.9722
203.0549
207.0766
201.9719
202.7423
198.1021
208.5844
202.0394
209.1760
205.1508
205.7325
204.6909
207.6560
200.3621
201.9024
206.5058
203.8120
203.3226
201.7904
205.2264
202.9075
206.4332
208.9150
205.1901
212.9899
207.5966
198.1876
201.0590
208.2034
207.1858
202.8904
196.9301
201.6625
203.2480
199.5400
208.2044
205.8799
206.0830
205.1897
203.3438
208.3639
211.3327
203.2393
200.4881
210.9107
204.2852
203.0269
204.3853
205.0760
208.8509
198.6043
206.3795
206.5066
202.2634
208.7879
208.5811
201.5776
206.6638
202.9805
202.8999
204.1593
207.2647
205.5632
200.0724
202.6023
207.6102
198.5866
201.4675
208.9273
200.8265
199.9240
210.1561
207.2165
207.8356
207.3439
207.4671
206.8509
203.3149
203.5312
204.9061
200.2842
201.5441
199.0459
203.0458
203.3705
205.3214
203.3205
204.9547
205.6844
201.2472
197.3511
204.9368
206.4307
204.9422
200.8104
205.6004
204.8967
207.9672
203.8383
203.7391
213.0365
209.9039
203.2222
206.6251
204.5809
206.8237
206.2551
201.6030
207.3711
203.4092
206.1344
204.9338
199.9188
203.1794
203.9235
202.5182
210.0534
202.8276
202.7135
205.3414
205.6440
210.3799
201.6041
204.0034
210.0066
204.5749
202.4234
202.1058
208.9136
205.4506
205.8734
203.7492
209.6995
202.2491
204.5121
206.2813
210.0507
206.3098
204.2932
207.9637
201.1703
206.1000
203.4017
203.1691
200.6508
208.1413
202.9509
204.0916
197.8450
202.8654
201.4452
202.5504
205.1385
201.7104
201.9601
202.4502
204.4681
199.9295
202.8998
209.1505
205.5200
204.6212
204.1616
203.6503
204.8302
198.8377
205.8886
207.6812
202.2919
207.3044
208.9886
204.3776
203.3377
205.1655
205.4197
202.0566
202.8429
203.9527
207.5472
204.5800
204.2377
202.7535
207.8365
204.5151
207.4726
201.0076
202.6410
204.4393
202.0434
209.0555
204.1157
210.6954
203.8796
202.6781
208.4623
205.8181
200.7570
205.7665
202.1051
205.3288
204.9091
206.0964
205.4228
198.2893
208.7512
205.4348
209.8847
205.8302
207.9229
207.2352
204.9755
205.4348
199.7447
211.1284
205.5023
205.0921
203.3173
205.0335
205.7599
205.3981
201.1215
203.9623
203.4224
207.0033
202.5178
208.1337
207.8284
204.4311
201.5319
203.5424
209.0924
206.2534
206.0340
202.5474
212.0900
203.4738
206.3404
204.5208
206.0985
204.0495
201.0358
206.6814
208.2528
205.2547
205.0020
203.1416
203.3664
199.2142
209.8227
205.6088
207.0399
202.6235
201.9202
203.6368
210.7894
206.5297
205.9141
203.8755
205.0342
204.9719
205.6607
205.7890
201.5171
206.3277
202.0393
202.9600
208.4925
200.3693
198.8308
207.2554
203.5569
202.1422
206.0922
204.6837
208.0088
199.7194
204.9690
205.4383
209.0253
202.8091
205.2801
202.4263
205.1494
209.3208
208.6982
203.2820
207.1254
206.3598
204.1646
205.8796
203.3667
199.6634
201.0418
203.6786
205.8147
204.5866
209.2813
200.6184
204.7805
201.1269
209.3027
197.8983
208.4173
202.2763
197.3496
203.8022
208.3329
202.2102
207.2350
201.5522
204.6287
205.6331
203.9271
205.7902
201.7436
197.9174
207.4208
206.6243
203.2661
204.3006
201.8513
205.9357
206.8964
204.2838
202.8537
209.5202
201.6463
208.6796
205.8531
205.9537
209.2980
206.1581
204.9153
203.9834
200.9778
209.6611
203.3536
203.3863
199.1269
204.1165
198.6617
209.2722
206.8238
207.3379
208.5183
207.4548
204.1556
207.2829
207.1375
204.5337
208.1973
202.8208
208.4700
203.9661
204.4271
199.4606
202.5758
199.0387
201.2704
208.3427
208.5493
207.6114
205.6622
206.0544
207.2257
206.6768
205.2490
204.5904
208.8728
204.9260
202.1282
205.7099
208.1408
203.7332
208.3991
205.0057
197.2816
205.4917
207.3034
202.1358
201.1126
205.7609
204.1273
198.4423
200.4628
209.7075
202.4303
202.3122
208.5193
201.0709
202.1469
210.2114
204.9758
204.4928
205.1275
209.7583
204.9972
205.6541
204.8070
205.1185
206.4371
200.9406
204.0675
202.7560
208.1156
205.9303
205.7824
209.7277
201.3050
207.1885
206.4137
208.1169
200.6083
203.4292
205.0128
198.4258
207.0871
208.0492
207.5600
205.0784
207.6196
207.3613
204.6671
203.7327
207.9614
208.2478
204.2834
206.4272
200.5572
205.1722
205.6532
203.6526
208.8825
201.4689
206.7152
207.7252
208.4450
204.3313
205.0151
206.8588
205.3963
206.0226
202.6045
209.0986
211.2726
208.8969
203.9714
210.6108
201.6218
205.8162
203.1056
207.8108
206.9585
202.5759
202.2664
203.4524
203.5904
207.0360
206.0843
207.6230
207.2811
206.3256
202.4645
209.2276
200.3009
207.7176
206.7763
207.6808
207.5445
206.5706
208.2950
206.0366
206.4725
206.8925
204.6201
202.3796
209.0762
211.0347
200.7974
200.5463
204.9471
198.4965
205.6030
205.6352
204.8998
208.2209
210.3457
206.9950
203.9116
208.2830
208.1555
203.5862
205.4487
203.9162
203.5807
209.2076
207.0060
209.4587
202.4566
210.1266
201.1407
206.1910
204.8070
203.1059
206.4505
210.6411
200.8345
201.2590
206.4732
204.3959
205.8784
202.4545
204.5142
204.2406
204.9112
207.3938
207.1545
201.5614
201.1124
205.0188
206.9158
205.6271
200.8921
207.4343
209.2493
200.7279
206.2298
200.5640
204.8106
205.7019
201.1958
206.0053
196.9121
206.6394
203.2628
203.0911
206.2277
210.0373
205.9949
206.8893
201.6844
206.5826
205.7572
199.1170
205.2969
211.3759
207.4056
202.3526
201.7074
201.2767
206.0838
204.9735
206.1823
203.7671
206.0962
207.5208
202.0393
201.4837
205.8310
208.7624
197.3433
202.6748
199.7697
206.2551
198.7497
203.7361
207.0006
208.4957
203.4968
205.5461
202.9471
204.5610
205.1342
205.8943
200.3444
206.4883
201.6792
205.6288
206.0139
204.2271
203.6040
208.9028
203.6874
206.3113
201.4996
199.6860
206.7421
204.8782
206.7822
203.0489
205.3395
200.8670
207.8224
202.0354
202.1860
202.5622
203.1457
208.0756
200.4917
203.9520
212.8973
202.3470
208.9407
206.9459
202.3894
208.3181
207.0902
201.6788
204.2149
205.8564
207.5311
205.6091
203.8018
204.1765
207.3666
207.5595
206.0809
212.7205
203.2930
199.5294
205.7313
201.6486
202.2686
208.1366
207.3573
203.0023
203.2299
204.0533
207.2787
204.5240
204.1207
206.7005
207.8377
204.8362
202.5922
208.0544
202.7806
202.5273
208.1374
208.7246
205.5320
201.2788
201.5500
207.3456
199.7463
202.3415
202.9852
206.9050
202.9673
198.3970
202.1686
200.7974
202.3433
205.1607
207.3900
197.2985
207.1554
202.9996
211.4434
207.5650
205.5620
206.2443
202.2544
205.7904
204.6001
207.1235
202.7836
203.2922
204.1553
206.4891
205.1862
203.7135
203.8981
207.4395
209.3791
201.5874
204.2166
201.0743
204.6428
210.3796
203.3637
202.8102
203.1080
204.9060
206.1142
207.9795
208.4922
205.9336
201.9731
204.2505
205.4368
212.0390
200.1336
204.3434
204.0292
205.1593
205.3974
210.7018
208.7980
207.5094
206.8678
206.1752
200.4166
205.0807
202.7756
206.2244
200.6264
198.8477
203.8920
202.1513
202.3260
204.5443
210.3956
205.1979
204.5286
207.6503
199.0577
208.8027
201.5042
210.1748
205.9200
203.9227
206.2717
205.0055
206.5047
207.8865
201.3486
202.6330
206.3083
203.4810
208.4041
201.5352
201.6530
205.6041
208.8189
207.4173
209.9633
210.7345
204.7103
206.2651
207.6623
207.2838
205.1223
201.7182
201.6036
206.9315
206.8365
206.0418
204.0903
209.3145
205.5046
200.4948
202.8869
205.2433
205.3251
197.9403
200.4211
207.2065
203.4644
199.5802
205.9307
205.5716
203.9859
203.8234
209.3960
207.2934
205.5812
204.2952
208.0572
206.9989
210.6237
200.6428
200.6698
204.2635
201.3049
206.8497
201.3899
209.2145
208.0144
208.5670
205.7993
211.0059
202.2061
207.3554
205.4094
206.7679
201.0411
208.0012
201.6913
200.2770
208.6458
204.4913
203.3657
206.2809
202.1672
206.3854
203.6187
204.4823
203.9320
207.8723
201.3171
202.3631
207.4197
203.8907
202.9036
201.8942
206.5081
204.9644
202.9926
198.6728
205.3127
207.0097
204.8760
204.8408
207.5890
202.3309
208.6114
204.0171
204.0451
205.6489
207.3956
207.7419
208.3581
200.6805
207.1295
208.9218
205.3827
210.9264
200.7763
205.5563
207.5949
207.0544
214.4763
208.9055
200.9776
204.0142
206.2123
203.2733
206.6574
207.7994
206.9983
209.6153
205.1061
205.3001
208.0935
201.2583
203.0040
202.2373
204.6493
199.1883
204.5769
199.5486
205.3301
206.0312
206.0723
205.1633
203.3236
204.9413
201.1883
196.2895
202.4600
205.7455
201.1776
205.5584
200.1052
205.9466
200.9685
206.4375
203.0983
205.9598
201.4798
202.7646
209.6014
204.5361
204.2503
195.7456
205.1431
203.4095
195.2689
207.5393
206.2217
204.9870
204.5606
209.8291
203.5852
211.2678
201.0407
207.3374
208.2068
202.5223
212.0149
203.9138
205.8709
201.5895
200.6624
209.1150
203.6145
202.3816
202.6257
208.7314
208.5823
205.9563
202.3434
205.3850
207.4826
204.8369
208.7124
210.5151
208.3519
205.4257
204.9145
200.9424
206.6928
200.5605
202.1622
204.2579
204.9629
205.2407
207.1446
201.4417
202.1232
205.6217
206.2952
207.3027
204.4269
208.5303
207.7596
201.6877
207.0327
205.2971
206.5451
205.8557
204.2867
202.3432
203.6885
199.6396
207.6757
204.1216
200.0788
208.1227
204.9032
207.2917
204.3304
205.4470
201.7756
204.7664
202.2685
205.0590
204.1168
204.4882
198.9305
209.0587
205.1818
204.2124
209.0346
210.6157
202.1905
202.4968
205.9633
206.6999
203.2163
209.0417
210.0576
205.5977
205.7429
209.2731
206.4584
203.5273
203.2711
202.2367
199.6827
209.0906
202.9888
206.2600
206.0260
206.1413
199.5448
204.9877
204.4628
204.9345
207.4187
208.1215
201.3549
203.0929
203.3498
204.9872
207.7067
204.5946
204.1772
199.8369
202.7118
206.3286
198.7095
209.1225
204.6805
208.1912
198.8804
207.3093
203.4271
201.4608
199.7997
201.2328
206.3836
205.1737
203.1867
203.9949
204.8252
202.6163
202.3661
201.6809
203.4996
206.8554
201.2187
200.4910
206.0818
212.4517
206.1922
203.7480
203.4770
203.4952
206.8771
204.3404
201.5157
206.8203
204.0016
197.3490
206.0115
202.5456
206.1986
206.0556
203.9931
207.3010
207.0649
201.1135
201.7453
205.4037
208.5343
206.3745
203.0972
205.1741
206.9302
205.9927
209.6226
206.4003
206.4569
206.2527
211.2474
205.7868
202.3131
200.3136
202.5688
207.5036
207.1100
206.7413
204.1799
205.1395
208.1139
208.3599
203.1259
201.6884
209.7106
209.6395
207.9649
200.3687
201.9279
205.4722
205.1903
199.8640
209.2784
207.4505
206.4100
209.5357
206.3735
204.3785
205.9461
206.8328
208.1844
200.0731
202.5622
210.5648
206.6112
204.4799
202.8557
201.1430
207.2982
204.6138
202.8599
204.8304
205.4948
205.5371
201.8828
201.8111
202.0362
204.4207
210.4189
202.2743
202.0326
202.9540
199.9498
204.7024
201.9939
206.0563
206.9556
203.9604
199.2824
205.8332
208.1470
204.6849
196.8167
205.7232
202.7655
199.5512
206.0301
209.8784
205.6718
201.2533
207.4317
204.7340
202.7765
200.6067
209.2904
206.4205
208.4216
210.2246
207.6630
206.2115
208.6635
208.3771
205.9772
203.3693
208.1090
200.3447
202.7553
199.7410
205.7709
204.3945
203.5251
203.0396
197.5445
203.5509
207.2302
205.8936
208.6578
205.4858
203.7602
202.0143
199.6972
203.4218
206.0444
206.7472
205.8155
203.3257
208.4118
204.0009
208.2555
201.0383
206.1090
207.0294
206.8649
201.1613
204.8422
206.3735
203.9783
202.4375
198.2922
202.1529
198.9604
205.1119
209.1068
210.9460
206.7268
204.6885
200.4110
209.3013
207.5843
206.5257
205.8127
204.0301
204.2620
204.0304
200.7220
201.5215
200.3204
202.7568
208.3163
204.2038
203.5818
208.3480
205.5764
206.4340
203.5676
205.7737
205.4225
209.1871
207.6331
203.6629
205.0622
207.9872
203.6753
204.0436
206.1622
211.2158
208.0660
202.5701
202.9241
203.2013
205.1791
204.1221
206.6212
201.7102
207.2184
204.5904
201.4548
211.0126
204.4694
208.1935
203.7307
206.6566
201.7395
205.0936
212.0040
206.9155
206.4095
200.5030
202.5665
205.2845
209.8694
200.8978
202.4453
198.0556
203.0135
203.3839
203.6149
203.2778
206.4225
199.5195
205.7678
209.5056
205.0934
204.4038
202.8500
208.3149
203.9625
207.8215
206.3153
208.4428
201.5397
205.8310
202.2192
204.4706
203.2341
206.8004
204.6585
206.2907
201.1933
208.2033
203.3163
209.5100
203.6988
204.7990
205.5691
201.7037
204.5882
208.0502
206.2893
205.4188
203.3818
206.3941
202.0306
205.4711
207.8378
208.7553
203.6621
205.4844
207.2335
206.6601
203.1553
203.5744
204.7366
201.3913
210.4258
207.0418
205.2618
208.9951
206.7737
198.1613
203.8084
206.9736
205.9980
205.5133
198.7793
203.6777
209.9054
206.3696
205.5537
201.5510
201.9078
206.7666
198.6975
208.8437
202.2724
205.4129
203.2648
202.4129
209.4700
203.3862
205.8015
205.3053
203.0450
208.9570
208.7295
202.5131
206.1039
204.0396
208.1539
207.5098
205.3685
201.1319
203.7286
206.2009
205.0670
201.5174
202.6057
203.7043
207.0832
203.2999
207.2766
208.8458
208.8477
201.9925
202.2886
203.5825
207.3867
206.3303
204.9910
207.4010
204.3894
205.5536
206.3309
206.6024
204.3143
202.7094
197.9475
208.3401
208.3188
206.0571
203.3571
208.6047
212.1230
202.9188
207.9540
201.8545
200.1074
209.6679
203.0640
199.1054
205.6075
206.2274
201.0796
201.6199
205.7663
206.2794
207.7007
200.1845
206.3494
207.0289
205.0765
201.5801
207.6682
203.8177
204.2379
203.8957
205.9757
201.9028
200.6026
204.1477
201.1133
205.9212
203.3643
201.9165
208.0938
205.8444
206.5339
208.3378
203.9273
204.4620
209.3950
202.6550
204.2917
202.5965
202.2718
204.0937
205.9880
200.6727
205.4089
200.0844
204.7233
203.5728
198.8334
204.0041
201.3567
202.7821
203.6277
202.0708
208.6682
203.6443
203.3804
206.1677
199.8243
208.1687
207.4852
209.3868
206.2168
205.0572
205.4318
203.4343
209.2720
208.2494
207.2354
204.4085
208.5071
208.5117
203.3450
204.2090
206.4266
202.7270
205.6673
205.5547
209.3358
205.0555
208.7807
205.1513
204.0625
201.2097
202.4622
207.9025
206.5138
206.5985
202.3848
203.9849
205.0606
200.2898
201.8668
199.6840
199.6298
207.4331
205.3169
203.3169
207.5520
203.8036
202.9974
207.0045
206.0104
211.4526
210.6916
205.6895
209.1782
204.9889
205.5074
207.2869
206.6402
207.3946
206.3455
206.8491
205.2437
207.5179
207.9960
204.5532
206.5146
207.1867
203.6778
200.8284
204.8889
208.0819
208.5531
204.6755
201.8725
207.7001
202.2133
202.1247
211.6980
208.5804
204.5935
204.7066
206.2403
203.3881
209.2565
202.5215
206.8847
207.1239
205.7526
204.2357
206.8826
209.5646
203.5279
205.7265
207.5792
205.3203
203.7714
204.3811
207.5808
205.2879
206.2021
205.0958
202.2882
206.2729
205.3571
208.8785
200.6306
205.7631
204.9243
205.2208
200.2994
205.0401
208.7232
205.8227
203.4416
205.3608
206.8806
205.8797
202.6793
205.2121
207.4469
204.8519
203.8231
206.9734
206.2955
206.2017
202.9907
209.2882
204.2683
204.3872
205.4498
207.2701
202.8417
204.5760
203.6816
202.0354
207.2685
205.5030
204.3007
203.0499
207.9380
198.0857
206.3729
207.6446
209.1245
200.8823
207.2449
198.4444
204.8682
209.7099
202.9203
208.8628
206.0673
201.3214
208.0385
206.1276
211.2789
204.6543
203.8056
205.4989
200.0765
209.0448
208.6190
203.1358
204.2348
202.6312
205.7008
203.6062
204.1687
210.2329
205.8705
203.7399
201.5903
205.7038
206.4870
205.6429
200.3345
211.8433
200.9532
205.6435
206.7166
202.1599
207.5212
202.4102
209.1707
203.5328
203.7246
204.4625
201.9364
201.3690
202.8522
199.0239
200.6384
209.6269
204.9634
208.0530
203.3503
211.3233
201.3033
203.0759
205.8192
202.0148
207.6333
203.1169
202.2137
200.7007
206.6004
202.6954
206.5103
203.1072
200.7965
207.1707
208.0003
196.9837
199.2338
204.6294
206.1001
204.3899
204.1920
202.0271
202.8881
201.8434
204.4720
208.3360
206.3913
204.9568
204.9816
210.5431
205.2251
203.5746
205.4886
206.6115
204.0251
209.5764
199.9438
202.6261
201.3921
201.0068
206.0877
208.3918
204.5883
207.7022
203.9783
204.4398
199.7607
209.4469
199.8975
204.2196
202.2517
209.1301
208.6402
209.2258
204.1505
205.3822
200.4818
197.2597
202.2269
204.1070
201.8128
203.8496
202.4559
198.1771
204.8065
199.5824
205.5422
200.0653
206.3551
199.6032
207.7618
208.7173
200.8967
206.3989
201.1381
211.9132
204.1611
205.6333
207.5349
203.3891
207.5828
203.5814
205.7429
203.6232
206.6470
205.2235
202.0070
207.1191
204.4867
206.0638
204.3862
206.1606
203.4840
202.6203
203.2749
202.5266
208.3659
206.9879
207.6733
203.6015
205.8416
205.4934
205.1879
200.3455
205.0616
207.9108
203.2374
203.5281
205.2931
201.5394
203.2803
206.8374
207.8108
206.8770
201.6652
206.3082
203.4478
208.3309
200.3671
201.8055
205.4353
210.5675
202.2396
207.9368
200.5467
206.5498
209.8182
202.0173
203.4887
202.9234
202.9946
207.5464
208.2034
201.3635
205.0064
205.5505
206.7871
203.9467
203.1690
202.6308
204.4561
204.4682
206.8897
205.0472
208.5980
202.1610
207.1937
198.6901
205.1339
204.4345
210.2112
203.3553
202.1343
202.2733
208.5626
203.6948
200.6354
208.3362
208.4190
204.8420
199.7392
207.8458
201.9247
208.0425
203.1083
201.1106
207.6713
206.1822
201.8918
213.4212
205.6303
201.9910
199.7210
202.5040
201.6245
200.5367
206.9612
205.9806
200.3827
206.7117
208.1931
204.6210
205.2180
207.9389
200.3946
201.8193
205.7755
203.0896
205.9663
203.4121
199.2197
205.8601
205.3075
201.3543
203.2193
202.0616
209.4406
206.1902
202.0810
205.1461
206.0172
203.6660
202.1979
203.6578
204.7079
203.5951
205.2340
208.3015
207.8250
206.0725
202.9841
204.2575
203.3360
204.4072
202.9031
203.2765
205.4393
205.1499
202.3688
204.3444
208.9006
202.5896
200.6929
202.1419
204.7874
203.6414
202.5193
203.2332
208.8630
197.9050
209.4629
205.3354
206.0255
200.1873
204.5382
202.2301
202.5775
206.8387
204.4099
204.8952
200.7796
200.1355
203.4324
200.5599
205.9025
206.0035
203.9088
200.9129
203.9558
203.5331
209.2027
206.1511
207.6512
202.4107
204.1735
202.8943
197.9209
207.8608
210.7390
203.7410
204.1515
201.0268
203.3443
204.7921
206.2820
202.7648
207.6210
205.6503
203.1714
206.9595
206.7503
203.7560
204.4135
201.7339
206.4951
205.5671
204.2408
216.1213
205.7774
209.4470
207.2394
205.0780
208.3289
200.8104
206.9305
202.1690
200.8635
213.8780
203.3074
204.2678
203.8289
206.7181
203.6424
204.4629
208.2711
205.5443
204.2802
207.4615
206.4527
202.8163
205.3764
203.9210
204.9214
203.1728
206.7858
207.8541
207.4395
204.4831
212.0918
210.5241
204.0175
199.5703
208.8932
202.0306
206.5710
200.5023
205.6988
201.6727
206.4459
208.7305
202.1724
202.1667
207.3682
204.1156
210.5954
203.8754
206.9509
205.7472
204.0703
201.7253
199.6735
208.3393
205.6135
204.6772
211.3211
204.3205
204.8984
206.2275
204.9809
207.8219
200.2963
206.9273
200.5611
202.7956
205.7639
207.0521
201.5670
200.7260
203.5997
202.1495
206.9363
206.1993
207.7413
207.1844
198.9840
206.0539
204.1962
208.8998
198.9574
207.0755
207.7146
207.0006
207.0844
208.3235
202.2426
212.3881
205.8006
207.0437
200.5561
204.6016
205.4612
206.7470
206.2545
202.6553
205.1521
205.5844
204.9180
202.4679
209.3239
204.6672
202.7680
208.3719
207.4491
208.2042
209.2701
215.1836
203.4529
212.4664
206.3261
199.1662
205.3604
202.1889
207.2030
207.2497
199.9413
202.8753
205.3773
205.3164
201.6407
204.2588
206.6843
210.8136
203.9808
199.7443
207.2140
201.7276
204.2726
202.4370
201.2223
204.1236
206.5026
208.3408
208.2368
208.8810
203.7510
208.6374
202.4476
200.0862
207.1379
208.7285
208.3908
206.8764
206.8154
208.2265
211.7403
206.1494
204.0524
204.0891
208.7179
205.0918
207.3707
208.0155
208.1065
205.9812
202.8815
208.1857
203.7140
200.1912
202.3903
207.0313
206.0222
206.7347
205.5376
207.7404
208.2257
202.6536
207.4523
200.7967
202.5563
203.5374
200.9579
205.5922
208.1553
206.8371
198.1678
201.9027
202.9943
204.5783
204.4989
200.7522
200.9258
203.7761
206.1403
199.2141
205.2852
207.9779
204.6220
202.4180
201.1577
201.4787
207.0323
202.7634
203.9379
203.2614
207.6557
204.2232
199.9748
203.6547
205.9617
205.5691
205.5109
200.5615
214.0773
203.5640
203.3202
198.2217
209.0988
205.3258
200.2799
205.9947
205.4012
203.3110
210.2766
201.5740
200.2774
200.8511
206.5834
203.6563
205.1661
208.6059
208.9216
202.4679
213.0819
199.9204
203.5277
200.6205
207.0752
206.1709
208.4356
204.4937
206.0267
204.5738
198.8740
201.9734
206.8849
206.2141
205.5314
209.3704
205.3187
201.0759
205.4337
203.9214
205.9959
209.6676
201.9148
205.7664
209.6131
202.1262
202.9118
199.3964
209.8924
202.8801
205.1492
203.5263
203.7434
198.4127
204.8056
194.6795
199.2579
205.3904
207.6057
207.6313
210.3377
205.1405
206.9777
209.4659
208.8504
207.2148
206.6008
203.7598
203.8695
209.7621
208.3864
202.0121
210.9753
204.3160
202.3103
208.6847
203.0208
207.1026
203.1372
209.4662
205.1579
207.1599
202.7179
200.6819
204.3101
201.9250
207.7604
204.0466
202.6867
212.3483
206.1547
202.9437
198.1143
203.8064
208.5579
206.1302
206.3974
208.4886
201.1716
203.3726
209.2682
207.8647
207.2069
199.5006
205.4796
207.2916
207.5339
199.8306
207.3382
205.6855
210.4375
205.5251
200.5521
204.8775
206.2325
209.7948
203.7761
207.4951
207.5964
204.6733
203.0978
207.8704
205.8825
204.4169
208.9515
201.3861
201.1908
207.0658
202.0321
205.0167
202.9197
202.9191
201.8917
208.0617
207.3071
208.9077
206.8788
208.3378
202.2611
207.1765
209.7984
206.0852
209.7253
199.3934
203.2093
206.6646
201.3346
204.6990
207.5297
205.5378
204.3630
208.9895
206.3893
206.9529
206.6808
201.9158
201.9434
205.1457
208.3608
201.8258
199.7489
204.8784
206.8280
205.6031
201.6087
204.6816
207.5362
206.3395
200.7522
205.2854
200.3934
204.0116
202.4368
205.3181
204.3422
202.6681
206.4572
201.4658
196.3005
205.6538
207.8025
200.2739
207.8412
204.5427
207.5357
203.5338
200.3932
205.3051
208.8008
