188.4445
4 10 5 7 8 1 2 3 6 9 
183.2300
4 10 7 8 2 6 1 3 5 9 
183.2181
4 5 10 7 8 2 3 1 6 9 
185.1980
4 10 7 8 1 2 3 5 6 9 
184.4882
4 5 10 7 8 2 1 3 6 9 
190.5185
4 5 10 7 8 1 2 6 3 9 
189.6562
4 5 10 7 1 2 6 8 9 3 
187.9094
4 10 5 7 8 2 1 3 6 9 
183.8945
4 5 10 7 8 2 1 3 6 9 
184.9870
4 10 5 7 8 2 1 3 6 9 
185.8104
4 5 10 7 8 2 3 1 6 9 
183.3444
4 10 5 7 8 2 1 3 6 9 
179.9187
4 5 10 7 8 2 1 6 3 9 
183.6319
4 10 7 8 1 2 5 3 6 9 
187.4504
4 10 5 7 8 2 3 1 6 9 
186.0628
4 10 5 7 1 2 3 6 9 8 
185.5258
4 10 7 8 2 3 1 5 6 9 
181.5447
4 10 5 7 8 2 1 3 6 9 
183.9099
4 10 7 8 2 3 1 6 9 5 
181.6027
4 10 5 7 8 2 3 1 6 9 
190.0053
4 5 10 8 7 1 2 3 6 9 
186.1997
4 10 7 8 1 2 3 5 6 9 
186.9554
4 10 7 8 2 3 1 5 6 9 
182.8066
4 7 8 5 10 2 1 3 6 9 
183.8188
4 5 10 7 8 1 2 3 6 9 
187.1612
4 10 5 7 8 2 1 3 6 9 
183.2249
4 5 10 7 8 1 2 3 6 9 
185.1638
4 5 10 7 8 1 2 3 6 9 
181.3480
4 5 10 7 1 2 3 6 9 8 
182.4045
4 10 7 1 2 3 6 9 8 5 
