188.4445
183.2300
183.2181
185.1980
184.4882
190.5185
189.6562
187.9094
183.8945
184.9870
185.8104
183.3444
179.9187
183.6319
187.4504
186.0628
185.5258
181.5447
183.9099
181.6027
190.0053
186.1997
186.9554
182.8066
183.8188
187.1612
183.2249
185.1638
181.3480
182.4045
187.3054
185.4969
188.7927
179.1167
182.4135
186.3631
183.7035
186.0227
185.0386
180.9163
188.6336
181.8715
185.6054
179.2785
191.5519
183.8045
182.6300
184.7616
187.3197
187.6064
178.8733
180.7804
188.8908
188.0942
183.4723
184.1377
183.9115
187.1556
188.7769
180.2980
186.7820
186.1189
184.0372
183.1295
179.9440
183.1582
182.8730
183.7534
183.1301
187.0459
183.5849
188.0377
190.8041
184.2723
185.6196
181.7820
183.4157
185.3714
185.5645
183.4790
182.8999
184.0360
183.4047
182.3130
184.3302
186.0422
183.0483
181.2794
186.3561
183.6218
189.2966
184.2042
185.8581
182.2233
182.7924
184.3867
186.7328
183.2086
185.2796
184.3274
