1000
500
600
1000
1200
1600
1800
800
600
900

11.22804943
13.26736948
18.07143786
17.77430868
8.384343346
18.08473367
16.38138442
17.40564724
18.56164933
14.61660082
13.30960532
13.64880395
6.416383331
8.346582543
5.618436252
16.3990646
7.364393096
11.98361253
11.52044165
9.442825228
17.19256368
18.4876368
12.62484095
12.53751075
9.510400255
14.92616483
10.56972182
17.76828218
14.28769497
8.149284165
16.73236572
15.27557408
13.40760349
10.28266359
6.446547939
8.268037914
12.32805406
6.14592438
8.307610995
15.2166449
