    13.5377   11.6923   11.6501   12.7950   13.6715   14.0347   13.8884   14.4384   12.8978   12.9699
   14.8339   12.5664   16.0349   12.8759   11.7925   13.7269   11.8529   13.3252   12.7586   12.8351
   10.7412   13.3426   13.7254   14.4897   13.7172   12.6966   11.9311   12.2451   13.3192   13.6277
   13.8622   16.5784   12.9369   14.4090   14.6302   13.2939   12.1905   14.3703   13.3129   14.0933
   13.3188   15.7694   13.7147   14.4172   13.4889   12.2127   10.0557   11.2885   12.1351   14.1093 
    14.1363   16.5326   13.9109   15.0859   14.3844   13.5977   16.4193   15.6966   13.8520   15.1873
   15.0774   14.2303   15.0326   13.5084   15.7481   13.5776   15.2916   15.8351   15.1049   14.9175
   13.7859   15.3714   15.5525   14.2577   14.8076   15.4882   15.1978   14.7563   15.7223   13.0670
   13.8865   14.7744   16.1006   13.9384   15.8886   14.8226   16.5877   15.2157   17.5855   14.5610
   14.9932   16.1174   16.5442   17.3505   14.2352   14.8039   14.1955   13.8342   14.3331   13.2053 
    20.8404   19.3997   17.8616   20.1240   22.9080   19.7275   19.6462   20.0335   20.0229   19.0208
   19.1120   20.4900   19.1604   21.4367   20.8252   21.0984   19.1764   18.6663   19.7380   18.8436
   20.1001   20.7394   21.3546   18.0391   21.3790   19.7221   18.4229   21.1275   18.2498   19.4664
   19.4555   21.7119   18.9278   19.8023   18.9418   20.7015   20.5080   20.3502   19.7143   17.9974
   20.3035   19.8059   20.9610   18.7922   19.5314   17.9482   20.2820   19.7009   19.1686   20.9642 
    20.7801   19.8002   19.5594   20.4613   18.0020   20.6775   17.9575   21.5586   19.7072   21.2391
   19.9700   18.9282   18.7281   18.1143   16.5052   19.8046   20.6825   18.3235   19.6736   22.2905
   19.9478   22.0271   18.3198   18.7018   17.8264   20.2755   18.7269   21.8910   19.5453   20.7004
   18.8028   19.6628   23.7890   19.7352   20.5003   19.2858   19.4977   20.9902   20.0346   19.6854
   21.5280   19.1165   22.4832   21.1871   20.5870   21.2930   20.8292   19.8982   20.0769   20.9378 
    10.1832   10.5152    9.4680    8.8258    8.9358    9.5554   10.3919    9.6794    8.9333    8.4349
    8.9702   10.2614   11.6821    9.8078   11.6035    9.8441    8.7493   10.0125   10.9337    9.9155
   10.9492    9.0585    9.1243    9.7259   11.2347   10.2761    9.0520    6.9708   10.3503   11.6039
   10.3071    9.8377    9.5162   11.5301    9.7704    9.7388    9.2589    9.5430    9.9710   10.0983
   10.1352    9.8539    9.2880    9.7510    8.4938   10.4434    9.4922   11.2424   10.1825   10.0414 
    19.2658   19.7635   21.0001   18.3298   20.3271   19.0556   20.9111   20.2398   19.9755   19.9292
   19.9692   22.0237   18.3358   20.4716   21.0826   18.6782   20.5946   19.3096   18.0512   17.5137
   20.2323   17.7416   19.4100   18.7872   21.0061   20.9248   20.3502   19.3484   21.0205   20.5812
   20.4264   22.2294   19.7219   20.0662   19.3491   20.0000   21.2503   21.1921   20.8617   17.8076
   19.6272   20.3376   20.4227   20.6524   20.2571   19.9451   20.9298   18.3882   20.0012   17.6807 
    18.0799   17.3088   18.8979   17.4954   16.9851   18.3999   17.3709   17.4393   16.6019   19.5763
   17.0515   18.4494   17.8681   16.7294   17.5289   17.0700   16.7962   20.1778   17.7449   17.5191
   18.4115   18.1006   17.8528   17.6174   18.1370   17.8232   17.7461   19.1385   18.1644   18.3275
   18.6770   18.8261   19.0078   18.6487   17.7081   15.8679   16.5714   15.5031   18.7477   18.6647
   18.8577   18.5362   15.8763   18.8257   18.3018   19.1454   17.9791   18.4413   17.7270   18.0852 
    19.8810   18.3955   18.5323   19.3086   17.5306   18.0953   21.4245   20.8779   18.4417   18.7901
   19.3232   19.1034   18.8751   18.7661   19.1922   18.7117   19.9594   19.9407   18.6886   17.3011
   18.2159   19.5632   20.4790   17.9430   18.1777   19.3501   18.6842   19.7873   18.4300   19.6076
   17.1946   19.1136   18.1392   18.7159   18.9058   17.1641   19.4286   18.1241   17.9743   18.8822
   20.8586   18.0953   19.7847   18.9133   19.3362   20.0360   17.9640   19.3199   18.0913   19.6992 
    20.2696   20.1097   21.1741   20.8186   19.5070   20.1093   20.5265   18.6730   20.8123   21.5163
   20.4943   21.1287   20.1269   19.7074   19.8193   21.8140   19.7397   18.5590   20.5455   19.9674
   18.5169   19.7100   19.3432   19.4592   20.0458   20.3120   20.6001   20.4018   18.9484   21.6360
   18.9797   21.2616   18.5186   19.6914   19.9362   21.8045   20.5939   21.4702   20.3975   19.5749
   19.5530   20.4754   20.1555   18.9034   20.6113   19.2769   17.8140   19.6732   19.2481   20.5894 
    15.9372   14.8813   15.3593   15.2764   15.6269   16.4128   16.1769   15.8020   15.3831   15.3914
   13.9780   15.3736   17.8089   15.4067   16.8155   15.0130   15.6925   16.3277   16.2748   15.2629
   15.0179   16.2495   14.9201   16.4013   16.7989   16.7596   15.8682   15.7617   16.6011   14.2501
   16.6125   15.0070   16.1992   16.9421   16.1202   15.3428   16.5954   16.2296   16.0923   16.9105
   15.9451   16.9750   14.4790   16.3005   16.5712   15.3961   17.0468   16.4400   17.7298   16.8671 
    14.9201   15.4400   13.8593   15.5413   13.7167   15.0355   15.2458   13.6571   15.8998   15.6293
   15.8985   15.1017   13.9067   15.3893   12.6710   17.2272   15.0700   13.9678   14.6999   14.7870
   15.1837   17.7873   14.5664   15.7512   15.9019   14.9308   14.3914   16.3312   16.0294   14.1343
   15.2908   13.8333   14.8315   16.7783   13.1644   14.4927   13.7774   14.5811   14.6549   13.9569
   15.1129   13.1457   14.7815   16.2231   15.0668   15.2358   15.3165   14.8597   16.0128   14.7299 
    14.5619   14.4684   14.5860   15.6489   16.0289   13.7629   15.4136   14.1812   14.3102   15.8840
   14.5913   15.9726   14.5617   14.6399   16.4580   12.8065   14.4229   15.5197   14.3333   15.1803
   15.9835   14.4777   17.0034   15.7059   15.0475   14.6666   15.1440   14.9858   15.8641   15.5509
   14.7023   15.1766   15.9510   16.4158   16.7463   15.7135   13.3613   13.8445   15.1134   15.6830
   16.1437   15.9707   14.5680   13.3955   15.1554   15.3174   14.2399   14.9905   15.3984   16.1706 
     8.4759    7.4903    9.0341    8.2445    8.9239    7.5836    8.0645    7.0605    7.0095    8.1102
    9.4122    7.9971    8.2916    8.8084    8.2669    9.2247    8.6003    7.9625    6.8270    8.7871
    8.0226    8.9199    7.2223    8.2130    8.6417    7.9564    6.6385    6.1037    6.2746    7.9978
    7.9521    8.1498    8.5667    8.8797    8.4255    8.5824    8.3476    5.8720    8.2882    8.0931
    9.7013    9.4049    6.6174   10.0389    6.6853    6.9935    7.8182    6.8231    6.4058    7.6218 
     8.5173    8.3727   12.0243   10.3179   10.6474   11.0635    9.2422    9.5907   10.0780    8.6147
    9.9562   10.1663    7.6405   10.1380    9.5744   11.1569    9.4360    9.8391   11.3244   10.3105
   10.9608   10.3763    9.4900    9.2893   11.0486   10.0530   10.5551   10.4093    9.7868    9.7505
   11.7382    9.7730    8.6784   10.7770   10.6607    8.7116    9.4432    9.0474    9.8655   10.5037
    9.5698    8.8511    9.3639   10.6224   12.5088    9.6288    9.1049   10.3173    8.8286    9.1073 
     6.3817    6.1380    5.7168    6.1559    6.0829    5.8970    5.9654    5.7147    5.8856    6.0061
    6.0244    6.1112    6.0119    6.0879    6.0697    5.8207    5.7583    5.7971    5.9500    6.1706
    6.2094    5.7759    5.9177    5.9821    6.0699    5.7593    5.9406    5.9573    5.6861    6.0809
    5.9546    5.6935    5.9264    6.2042    5.8542    6.2076    5.3536    5.9349    5.9045    5.8599
    5.9675    5.7804    5.7278    5.8252    6.0654    5.8308    5.7826    6.3889    5.7324    5.6739 
    19.4600   17.4073   18.4207   18.9704   16.8067   16.4495   19.0533   20.7891   16.5755   18.4011
   20.0500   17.5302   18.4007   17.4314   18.6470   18.1716   17.2511   18.7276   18.7174   18.9297
   18.1205   18.8864   18.0951   18.8100   17.6464   17.9379   17.0637   17.2269   17.2221   16.3942
   17.0101   16.6148   18.4967   18.1732   18.0464   19.1990   16.7309   18.8366   18.3160   18.6615
   19.1978   16.0432   19.0822   17.4945   17.2071   18.8017   18.4980   16.8717   19.4065   20.1385 
     9.5411    9.4120    9.8535    9.4772    8.5901    8.4565    9.9758    9.5409   10.3845    5.9270
    7.4591    9.4055    7.1470    8.9287    8.2887    8.0881    8.8431    7.7374    8.9373    9.6263
    8.7969    8.6362    8.7927    8.0617    9.0614    9.6527    9.2778   10.1104    9.4489    8.7133
    8.5000    8.4007    9.2704    9.1614    7.1539    8.2657    9.6395    8.0104    8.6367    8.8027
    9.3830    8.4104    8.3472    8.7318    8.6017    9.5406    8.9190    7.1712    7.9794    9.4056 
    12.5807   11.7967   12.8777   12.7706   13.5902   12.5331   14.2570   12.3067   13.5853   13.3751
   13.2706   13.4288   14.3062   13.7290   13.4965   12.3742   13.0258   13.5506   15.9122   12.8313
   15.1473   14.2140   12.8277   13.1000   15.2333   12.0352   12.8536   13.9157   13.6091   14.3926
   14.5979   14.9424   13.0390   13.7143   14.6103   16.6052   14.5476   12.0080   14.4092   15.3018
   12.7187   14.0937   13.3463   13.5376   14.0591   14.9724   15.5651   14.8412   12.8576   13.4064 
    13.4364   11.9632   13.1807   12.2255   14.7985   13.7653   12.2397   13.2147   14.6742   13.3891
   12.4956   12.1429   14.2665   11.6067   12.8831   13.7783   12.3064   15.0108   13.1250   11.8440
   13.1021   12.8301   12.7488   12.6138   12.6798   11.5197   14.2815   13.0256   13.5301   13.0397
   14.1963   12.8083   12.7954   13.5256   13.8175   13.5404   12.1903   13.3083   12.0479   12.5494
   13.1203   12.1342   10.7985   14.5233   13.4902   12.9085   11.7632   12.0618   13.8540   13.1092 
    10.7494   12.7447   10.6988   11.8836   10.4862   11.2877    9.4434   11.5510   10.5771   12.5106
   10.8101    9.8395   10.3013   11.4359   11.7964   11.0032   12.9151   11.2942    9.9469   11.1640
    9.9671   13.3774   11.8328   11.8967   10.3288   11.3656   11.6098   10.2222   11.6478   10.7172
   10.6767   12.5261   10.3054   11.5047   12.1867   14.5267   10.3521    9.9351   10.6824   12.1522
   11.7665   11.1685   10.5381   10.5991   11.7907   10.8876   13.6173    9.2316   12.7690    9.8535 
    19.6737   18.2219   18.6481   20.0393   19.0964   19.8368   20.3025   19.2268   19.1383   17.8723
   18.3309   17.9364   19.2695   19.9109   18.1695   21.5383   20.4099   20.0989   17.0929   19.0782
   18.5997   19.5530   16.4356   18.7603   18.6477   17.6767   17.3375   19.1472   18.6350   21.1066
   18.3282   18.5766   19.4659   19.1810   18.8252   19.1283   20.9437   21.2957   18.1519   18.2842
   19.5756   19.3616   20.8536   19.2442   18.5193   17.5576   17.9153   21.7526   18.2352   18.7195 
    21.1665   19.6182   20.0675   20.1946   21.4089   19.1024   20.5275   20.3530   19.8834   21.1933
   21.2128   20.4289   19.8129   20.2798   19.4659   19.2077   20.8542   20.7173   20.5531   21.6321
   20.4855   19.7009   20.2917   20.0512   21.9278   19.0470   21.3418   18.6951   19.0394   18.4678
   21.0260   19.1001   20.9877   19.2255   19.8238   20.3539   17.5005   18.9941   18.3662   18.6631
   20.8707   20.6347   20.3929   20.7868   19.7562   21.5970   19.8324   20.7907   20.7612   18.5262 
    13.9583   14.2053   12.3636   13.4632   15.3094   14.7304   14.5745   14.7932   13.6914   13.9817
   13.3845   15.1929   14.0173   13.6980   12.9553   14.4908   14.2818   13.1016   14.4567   14.4608
   15.3142   13.1972   14.8284   15.8136   13.6517   13.4139   15.1393   14.1562   13.7249   15.3623
   12.5449   12.7344   14.2177   14.9149   15.4126   14.7449   13.5741   15.5973   14.4431   14.4519
   12.2577   13.8507   12.0908   13.9429   15.5024   13.1718   14.6361   14.1124   13.8652   15.6484 
    11.9716   14.6170   13.5023   13.5178   14.2087   16.9491   14.5530   13.7211   14.4155   13.5958
   13.5507   14.6127   13.8933   14.6474   13.3814   13.3700   12.9235   14.2452   13.3452   13.2742
   14.2360   14.2894   13.3122   12.9656   14.5120   13.9531   15.0306   15.4725   13.7037   13.1335
   13.1648   14.3953   14.3319   15.3396   14.0114   16.6830   14.3275   11.7249   12.5031   13.5782
   12.7240   13.1294   16.3652   13.0309   13.9560   12.8533   14.6521   12.3667   13.0952   13.0573 
    12.3419   10.3813   11.6329   11.9493   12.6894   11.3847   10.2103    9.9248   11.5405   12.2901
   10.0116   11.9345    9.5410   11.7174   12.2823   11.6964   12.4230   10.9090    9.5551   12.3412
   12.8179   12.0559   10.4183   13.2878   10.4174   10.8873   11.0063   10.7472   10.0323   10.4192
   10.6256   11.1602    9.1699   11.1667   11.2226   10.9612   11.6865   12.1948   11.2021   11.8751
    9.5483   11.2874   10.5509    8.8435   11.7795   11.0881   10.1451   11.6061   10.6521   12.3954 
    16.3210   16.1944   17.7710   17.5826   14.6801   15.9724   16.1568   18.1257   15.9246   14.9944
   17.6234   15.5851   16.2213   18.7292   15.7262   16.9239   15.6995   16.0540   15.5268   16.4340
   17.0624   16.3585   18.7304   16.3036   16.2719   15.6787   15.5000   16.1630   18.1842   16.5201
   16.2141   16.0362   15.7038   15.2097   17.4896   16.6611   16.7165   15.3673   16.8099   14.9078
   16.8768   15.6354   16.5643   16.8034   17.4371   17.9153   17.3373   17.6120   16.7163   15.7742 
    11.5951   11.6962   12.3970   12.5684   11.7808   12.1173   12.4583   11.7545   11.3804   12.6096
   12.5279   11.9913   11.5172   10.7940   11.1202   12.1743   13.2816   10.2193   11.2798   12.7823
   10.9930   12.5066   11.7685   12.4331   11.6792   11.7843   12.6201    9.6528   12.0407   14.4366
   13.0890   13.2033   12.6134   11.9079   11.2156   11.8474   11.7133   10.2864   11.3410   12.3024
   13.7849   12.5220   13.6829   11.7559   11.6350   12.0337   12.5980   11.7629   11.3695   12.0583 
    18.4259   19.7495   19.7768   19.0049   18.8198   19.1478   19.1789   18.5797   18.7081   18.1852
   18.8048   18.4292   16.7402   19.4369   18.7922   18.6377   19.9276   18.8461   19.4584   18.4658
   18.9495   19.4942   18.4356   20.1301   19.8967   19.0611   18.8898   18.7248   20.7553   19.2426
   17.2442   19.9914   19.9015   19.1538   19.4123   19.2167   20.5724   19.2411   19.9315   18.8994
   18.7426   20.0771   19.3947   18.2414   19.5475   17.6019   19.5605   19.7547   19.8253   17.3750 
    14.4856   16.4488   16.8598   17.1458   17.4254   14.0555   16.0115   17.0458   16.7742   15.8897
   17.0262   16.0006   16.0669   16.1812   15.1061   17.5239   15.0610   15.0490   16.2657   16.2775
   15.2419   15.2438   14.3606   16.0543   16.0378   16.5458   14.2611   16.7948   15.7649   16.0870
   18.0783   16.4043   13.5753   16.6878   15.6364   18.0099   16.0170   16.0714   17.8773   16.1736
   13.7780   15.2061   15.7162   14.6066   16.1496   17.4167   16.2192   15.2263   16.6092   16.4536 
     8.6982    8.4936    8.9350    8.2935    8.3998    8.2069    8.7126   10.0001    9.0380    8.0488
    8.6015    8.8807    8.7028    8.7420    8.9903    8.8041    8.6296   10.1117    8.5406   10.1871
    9.1803    8.7580    8.7781    8.4575    9.1702    8.2577    8.4075    8.7539    8.0403    8.8833
    9.9425    8.8363    8.3387    8.6464    8.5184    8.8277    7.9676    8.9770    8.9818    9.2019
    8.8466    9.2378    8.5702    8.8492    9.5570    8.3380    9.2825    8.7671    8.3874    9.5962 
    16.3152   17.4721   19.6865   18.9680   19.3769   17.3752   17.1167   17.7175   16.7219   18.1085
   18.4131   18.7231   17.6136   18.2701   16.5918   17.0664   18.0825   21.5699   17.4154   17.6597
   18.5017   17.1501   17.4949   17.3656   18.1412   17.7213   17.3961   21.4075   17.3806   17.0742
   18.0831   17.2036   18.4081   18.6298   19.2897   17.7995   17.6313   19.1469   18.5353   18.0053
   18.1578   18.7253   19.0724   17.9208   17.5051   18.1367   17.1618   18.7873   18.4830   19.1391 
    17.4274   17.0188   17.8254   17.0939   18.1929   17.5230   17.3792   17.3276   17.4411   16.7789
   17.1810   16.5740   16.7707   16.0488   17.9536   17.6768   14.7471   18.5081   16.7952   16.4648
   17.6575   14.9660   17.2623   18.1726   15.5850   17.6744   15.8316   16.1111   16.0222   16.7380
   17.5842   15.6714   16.1020   18.7351   16.9666   17.6784   18.2020   16.0407   15.4271   15.9046
   15.3835   16.6801   14.8427   16.6283   17.2611   16.6874   16.3393   16.5073   16.6297   17.5492 
    12.8254   15.2918   15.8352   15.4948   14.6064   15.7402   14.7460   13.0461   16.0437   13.7432
   15.1446   14.3854   16.0945   13.7842   12.8237   15.3097   16.8918   15.5654   15.8022   13.9640
   15.6690   14.9864   15.3212   16.5908   13.8043   14.4580   13.7797   15.0778   14.5312   14.5730
   14.1512   15.4121   15.0151   15.5265   15.3653   15.1223   14.6238   15.0807   14.9534   15.0777
   14.9429   14.0629   13.8355   15.2648   17.4124   15.9623   15.0524   15.7947   15.3535   16.7909 
    12.7973   12.1674   13.1654   11.4488   10.9958   10.3646   10.4562   13.3162   11.1456   11.7702
   11.5575   11.5211   11.0913   11.9126   11.3673   10.0932   10.4482   11.2035   12.3573   11.1729
   11.3709   10.5873   12.2406   11.6522   10.9543   11.9596   12.8671   12.1354   14.7485   11.1680
   13.5338   12.9750   11.3460   12.9940   12.5057   12.6972   11.8546   12.4178   10.4870   12.4979
   14.7335   12.2897   13.2750   12.4284   12.3320   12.1688   11.6138   12.8199   12.4340   14.3156 
     6.6825    6.9448    6.5514    7.4019    6.6919    6.8599    7.3434    6.3337    7.0878    7.1803
    7.2164    7.2480    7.0986    6.2319    6.9971    7.6480    7.0781    6.8336    6.9540    6.3740
    6.7764    6.9978    7.6244    7.2502    7.0373    6.9797    7.3555    6.9663    7.0274    6.9685
    7.7906    7.4429    6.5214    7.3012    7.3741    6.6749    7.0277    7.0357    7.3006    6.6233
    7.2179    6.9258    6.9031    7.0854    7.2654    6.8246    7.9947    7.5825    6.7242    6.7389 
     9.1130    8.9394    9.6333    9.4329    8.9738    8.8978    8.4983    8.3540    8.9571    8.9731
    8.5500    9.4651    8.9002    9.3930    8.8977    9.2860    8.5309    9.8984    8.3148    8.5994
    8.6044    8.9272    9.5176    8.9554    9.1619    9.4194    8.4154    9.2957    8.8160    8.7777
    8.3937    8.9064    9.1448    9.5184    9.1407    9.0710    8.5023    8.1729    9.4364    8.4594
    8.1086    8.5813    8.8948    9.7125    9.3230    9.0613    8.9380    8.5382    8.9344    9.1457 
    12.7739   12.7480   12.9133   13.0979   13.1380   12.4625   13.5046   13.3015   13.3347   13.4041
   13.3917   12.3880   13.3082   12.9244   13.2299   11.4639   13.0255   12.2419   13.3416   13.2895
   13.6186   13.0593   13.4320   13.4464   12.8912   13.2607   12.7798   12.9658   12.5589   13.3814
   13.5386   13.4797   12.2915   12.8179   13.3981   12.5045   12.5758   13.3912   12.2477   12.4089
   12.9826   12.8295   13.1000   12.5869   12.2410   12.8734   12.8798   12.2896   13.2166   13.2919 
     6.7100    7.5018    7.4571    7.1321    7.1059    6.3132    6.5245    7.1360    7.3321    7.4947
    6.7193    7.7555    7.5538    8.5793    7.3066    7.4354    6.5446    6.4157    6.6489    6.6556
    6.2221    6.4314    7.4102    7.6133    6.7361    6.2157    6.9190    6.3879    7.2507    6.5716
    7.5501    7.3215    6.5912    8.1603    7.6208    6.0779    6.7555    5.9503    7.2702    7.0242
    7.0875    6.9936    6.9368    7.2072    6.9212    7.1442    6.8886    6.8049    7.4954    6.6676 
     9.7264    8.6719    9.3712    9.1924    8.7475    9.4649    9.8025    9.2004    8.5679    9.3034
    9.6899    8.9375    9.5718    9.1628    8.7620    9.4510    9.6746    9.3695    8.8117    9.8172
    9.0476    8.7348    8.5426    9.6482    7.9742    9.0691    8.7758    9.4500    9.3940    8.6883
    8.7864    9.0528    9.0899    9.5496    8.7758    8.8108    9.0842    8.2344    9.1491    8.3249
    9.2554    9.5642    8.5083    9.3266    8.2244    9.0715    8.4398    9.2523    8.9181    8.4189 
    15.5279   15.6108   15.6592   16.2751   16.3192   16.5168   15.8662   17.4872   15.9467   17.0119
   15.6644   16.5498   15.8699   16.9276   16.1857   16.2099   16.0933   15.6887   15.8924   16.3889
   16.2883   15.5722   15.8856   15.8614   15.8129   16.3005   16.4755   16.9602   16.2367   15.7255
   14.9571   16.0038   15.7376   16.5333   16.3477   15.6630   15.6047   16.4806   16.6828   15.9370
   16.1180   15.5312   16.5642   14.9504   16.4388   15.4524   15.7553   15.7211   15.1811   16.1498 
