754032
66915
894465
531986
139026
354105
100160
41874
549797
840402
771438
316834
180228
423829
120521
631774
128099
418740
577627
379125
346336
622805
75747
617196
238115
490004
175553
270491
562304
608701
46861
816890
446509
357406
104714
79016
489303
852855
467203
410219
414251
276085
538677
192382
927555
211758
91650
112462
361393
84209
824022
325459
821571
290812
899530
38490
219203
137390
577531
607448
237205
858827
944310
796734
184502
51992
114342
334193
144458
246611
895136
5882
755156
792507
530745
22124
98465
131650
5953
604852
33161
583959
55128
154544
574772
317093
71209
182598
307461
138699
642542
44764
815039
162677
336783
672910
988440
866786
81083
58549
208774
