28.3992

28.3892

28.3793

28.3694

28.3596

28.3498

28.3401

28.3303

28.3206

28.311

28.3014

28.2918

28.2823

28.2728

28.2633

28.2539

28.2445

28.2351

28.2258

28.2165

28.2072

28.198

28.1888

28.1797

28.1706

28.1615

28.1524

28.1434

28.1344

28.1255

28.1166

28.1077

28.0989

28.0901

28.0813

28.0725

28.0638

28.0552

28.0465

28.0379

28.0293

28.0208

28.0123

28.0038

27.9954

27.9869

27.9786

27.9702

27.9619

27.9536

27.9454

27.9371

27.9289

27.9208

27.9127

27.9046

27.8965

27.8885

27.8805

27.8725

27.8645

27.8566

27.8487

27.8409

27.8331

27.8253

27.8175

27.8098

27.8021

27.7944

27.7868

27.7792

27.7716

27.764

27.7565

27.749

27.7416

27.7341

27.7267

27.7193

27.712

27.7047

27.6974

27.6901

27.6829

27.6757

27.6685

27.6613

27.6542

27.6471

27.64

27.633

27.626

27.619

27.612

27.6051

27.5982

27.5913

27.5845

27.5777

27.5709

27.5641

27.5573

27.5506

27.5439

27.5373

27.5306

27.524

27.5174

27.5109

27.5043

27.4978

27.4913

27.4849

27.4785

27.472

27.4657

27.4593

27.453

27.4467

27.4404

27.4341

27.4279

27.4217

27.4155

27.4094

27.4032

27.3971

27.391

27.385

27.3789

27.3729

27.3669

27.361

27.355

27.3491

27.3432

27.3373

27.3315

27.3257

27.3199

27.3141

27.3083

27.3026

27.2969

27.2912

27.2855

27.2799

27.2743

27.2687

27.2631

27.2576

27.252

27.2465

27.241

27.2356

27.2301

27.2247

27.2193

27.2139

27.2086

27.2033

27.198

27.1927

27.1874

27.1821

27.1769

27.1717

27.1665

27.1614

27.1562

27.1511

27.146

27.1409

27.1359

27.1308

27.1258

27.1208

27.1158

27.1109

27.1059

27.101

27.0961

27.0913

27.0864

27.0816

27.0767

27.0719

27.0672

27.0624

27.0577

27.0529

27.0482

27.0436

27.0389

27.0342

27.0296

27.025

27.0204

27.0159

27.0113

27.0068

27.0023

26.9978

26.9933

26.9888

26.9844

26.98

26.9756

26.9712

26.9668

26.9625

26.9581

26.9538

26.9495

26.9453

26.941

26.9368

26.9325

26.9283

26.9241

26.92

26.9158

26.9117

26.9075

26.9034

26.8993

26.8953

26.8912

26.8872

26.8832

26.8792

26.8752

26.8712

26.8673

26.8633

26.8594

26.8555

26.8516

26.8477

26.8439

26.84

26.8362

26.8324

26.8286

26.8248

26.8211

26.8173

26.8136

26.8099

26.8062

26.8025

26.7988

26.7952

26.7915

26.7879

26.7843

26.7807

26.7771

26.7736

26.77

26.7665

26.763

26.7595

26.756

26.7525

26.7491

26.7456

26.7422

26.7388

26.7354

26.732

26.7286

26.7253

26.7219

26.7186

26.7153

26.712

26.7087

26.7054

26.7022

26.6989

26.6957

26.6925

26.6893

26.6861

26.6829

26.6797

26.6766

26.6735

26.6703

26.6672

26.6641

26.661

26.658

26.6549

26.6519

26.6488

26.6458

26.6428

26.6398

26.6368

26.6339

26.6309

26.628

26.625

26.6221

26.6192

26.6163

26.6135

26.6106

26.6077

26.6049

26.6021

26.5992

26.5964

26.5936

26.5909

26.5881

26.5853

26.5826

26.5799

26.5771

26.5744

26.5717

26.569

26.5664

26.5637

26.561

26.5584

26.5558

26.5532

26.5505

26.5479

26.5454

26.5428

26.5402

26.5377

26.5351

26.5326

26.5301

26.5276

26.5251

26.5226

26.5201

26.5177

26.5152

26.5128

26.5103

26.5079

26.5055

26.5031

26.5007

26.4983

26.496

26.4936

26.4913

26.4889

26.4866

26.4843

26.482

26.4797

26.4774

26.4751

26.4728

26.4706

26.4683

26.4661

26.4639

26.4617

26.4595

26.4573

26.4551

26.4529

26.4507

26.4486

26.4464

26.4443

26.4421

26.44

26.4379

26.4358

26.4337

26.4316

26.4295

26.4275

26.4254

26.4234

26.4213

26.4193

26.4173

26.4153

26.4133

26.4113

26.4093

26.4073

26.4053

26.4034

26.4014

26.3995

26.3976

26.3956

26.3937

26.3918

26.3899

26.388

26.3862

26.3843

26.3824

26.3806

26.3787

26.3769

26.375

26.3732

26.3714

26.3696

26.3678

26.366

26.3642

26.3624

26.3607

26.3589

26.3572

26.3554

26.3537

26.352

26.3502

26.3485

26.3468

26.3451

26.3434

26.3418

26.3401

26.3384

26.3368

26.3351

26.3335

26.3318

26.3302

26.3286

26.327

26.3254

26.3238

26.3222

26.3206

26.319

26.3174

26.3159

26.3143

26.3128

26.3112

26.3097

26.3082

26.3066

26.3051

26.3036

26.3021

26.3006

26.2991

26.2977

26.2962

26.2947

26.2933

26.2918

26.2904

26.2889

26.2875

26.2861

26.2846

26.2832

26.2818

26.2804

26.279

26.2776

26.2763

26.2749

26.2735

26.2722

26.2708

26.2694

26.2681

26.2668

26.2654

26.2641

26.2628

26.2615

26.2602

26.2589

26.2576

26.2563

26.255

26.2537

26.2525

26.2512

26.2499

26.2487

26.2474

26.2462

26.245

26.2437

26.2425