39.5882

39.5483

39.5086

39.469

39.4295

39.39

39.3507

39.3115

39.2724

39.2334

39.1945

39.1557

39.117

39.0784

39.04

39.0016

38.9633

38.9251

38.887

38.8491

38.8112

38.7734

38.7358

38.6982

38.6607

38.6233

38.5861

38.5489

38.5118

38.4749

38.438

38.4012

38.3645

38.328

38.2915

38.2551

38.2188

38.1826

38.1466

38.1106

38.0747

38.0389

38.0032

37.9676

37.9321

37.8966

37.8613

37.8261

37.791

37.7559

37.721

37.6862

37.6514

37.6167

37.5822

37.5477

37.5133

37.479

37.4449

37.4108

37.3767

37.3428

37.309

37.2753

37.2416

37.2081

37.1746

37.1413

37.108

37.0748

37.0417

37.0087

36.9758

36.9429

36.9102

36.8775

36.845

36.8125

36.7801

36.7478

36.7156

36.6835

36.6515

36.6195

36.5876

36.5559

36.5242

36.4926

36.4611

36.4296

36.3983

36.367

36.3359

36.3048

36.2738

36.2429

36.212

36.1813

36.1506

36.12

36.0895

36.0591

36.0288

35.9986

35.9684

35.9383

35.9083

35.8784

35.8486

35.8188

35.7891

35.7596

35.73

35.7006

35.6713

35.642

35.6128

35.5837

35.5547

35.5257

35.4969

35.4681

35.4394

35.4108

35.3822

35.3537

35.3254

35.297

35.2688

35.2407

35.2126

35.1846

35.1567

35.1288

35.101

35.0733

35.0457

35.0182

34.9907

34.9633

34.936

34.9088

34.8816

34.8546

34.8275

34.8006

34.7738

34.747

34.7203

34.6936

34.6671

34.6406

34.6142

34.5878

34.5615

34.5353

34.5092

34.4832

34.4572

34.4313

34.4055

34.3797

34.354

34.3284

34.3029

34.2774

34.252

34.2267

34.2014

34.1762

34.1511

34.126

34.1011

34.0761

34.0513

34.0265

34.0018

33.9772

33.9526

33.9281

33.9037

33.8794

33.8551

33.8309

33.8067

33.7826

33.7586

33.7347

33.7108

33.687

33.6632

33.6395

33.6159

33.5924

33.5689

33.5455

33.5221

33.4989

33.4756

33.4525

33.4294

33.4064

33.3834

33.3605

33.3377

33.3149

33.2922

33.2696

33.247

33.2245

33.2021

33.1797

33.1574

33.1352

33.113

33.0908

33.0688

33.0468

33.0248

33.003

32.9811

32.9594

32.9377

32.9161

32.8945

32.873

32.8516

32.8302

32.8089

32.7876

32.7664

32.7453

32.7242

32.7032

32.6822

32.6613

32.6405

32.6197

32.599

32.5783

32.5577

32.5371

32.5167

32.4962

32.4759

32.4556

32.4353

32.4151

32.395

32.3749

32.3549

32.3349

32.315

32.2951

32.2754

32.2556

32.2359

32.2163

32.1968

32.1772

32.1578

32.1384

32.119

32.0998

32.0805

32.0614

32.0422

32.0232

32.0042

31.9852

31.9663

31.9475

31.9287

31.9099

31.8912

31.8726

31.854

31.8355

31.817

31.7986

31.7803

31.762

31.7437

31.7255

31.7073

31.6893

31.6712

31.6532

31.6353

31.6174

31.5995

31.5818

31.564

31.5463

31.5287

31.5111

31.4936

31.4761

31.4587

31.4413

31.424

31.4067

31.3895

31.3723

31.3552

31.3381

31.3211

31.3041

31.2872

31.2703

31.2535

31.2367

31.22

31.2033

31.1867

31.1701

31.1536

31.1371

31.1206

31.1043

31.0879

31.0716

31.0554

31.0392

31.023

31.0069

30.9909

30.9749

30.9589

30.943

30.9271

30.9113

30.8955

30.8798

30.8641

30.8485

30.8329

30.8173

30.8018

30.7864

30.771

30.7556

30.7403

30.725

30.7098

30.6946

30.6795

30.6644

30.6493

30.6343

30.6194

30.6045

30.5896

30.5748

30.56

30.5452

30.5305

30.5159

30.5013

30.4867

30.4722

30.4577

30.4433

30.4289

30.4145

30.4002

30.386

30.3717

30.3575

30.3434

30.3293

30.3153

30.3012

30.2873

30.2733

30.2595

30.2456

30.2318

30.218

30.2043

30.1906

30.177

30.1634

30.1498

30.1363

30.1228

30.1094

30.096

30.0826

30.0693

30.056

30.0428

30.0296

30.0164

30.0033

29.9902

29.9772

29.9642

29.9512

29.9383

29.9254

29.9125

29.8997

29.887

29.8742

29.8615

29.8489

29.8363

29.8237

29.8111

29.7986

29.7862

29.7737

29.7613

29.749

29.7367

29.7244

29.7121

29.6999

29.6878

29.6756

29.6635

29.6515

29.6395

29.6275

29.6155

29.6036

29.5917

29.5799

29.5681

29.5563

29.5446

29.5329

29.5212

29.5096

29.498

29.4864

29.4749

29.4634

29.4519

29.4405

29.4291

29.4178

29.4065

29.3952

29.3839

29.3727

29.3616

29.3504

29.3393

29.3282

29.3172

29.3062

29.2952

29.2843

29.2733

29.2625

29.2516

29.2408

29.23

29.2193

29.2086

29.1979

29.1873

29.1766

29.1661

29.1555

29.145

29.1345

29.1241

29.1136

29.1033

29.0929

29.0826

29.0723

29.062

29.0518

29.0416

29.0314

29.0213

29.0112

29.0011

28.9911

28.9811

28.9711

28.9611

28.9512

28.9413

28.9315

28.9216

28.9118

28.9021

28.8923

28.8826

28.873

28.8633

28.8537

28.8441

28.8345

28.825

28.8155