63.4648

63.3751

63.2856

63.1963

63.1072

63.0182

62.9295

62.8409

62.7526

62.6644

62.5765

62.4887

62.4011

62.3137

62.2265

62.1395

62.0526

61.966

61.8796

61.7933

61.7072

61.6213

61.5356

61.4501

61.3648

61.2796

61.1947

61.1099

61.0253

60.9409

60.8567

60.7727

60.6888

60.6052

60.5217

60.4384

60.3553

60.2724

60.1896

60.107

60.0246

59.9424

59.8604

59.7785

59.6969

59.6154

59.5341

59.4529

59.372

59.2912

59.2106

59.1302

59.0499

58.9698

58.8899

58.8102

58.7307

58.6513

58.5721

58.4931

58.4142

58.3356

58.2571

58.1787

58.1006

58.0226

57.9448

57.8671

57.7897

57.7124

57.6352

57.5583

57.4815

57.4049

57.3284

57.2521

57.176

57.1001

57.0243

56.9487

56.8733

56.798

56.7229

56.6479

56.5732

56.4986

56.4241

56.3498

56.2757

56.2018

56.128

56.0544

55.9809

55.9076

55.8345

55.7615

55.6887

55.616

55.5436

55.4712

55.3991

55.3271

55.2552

55.1835

55.112

55.0406

54.9694

54.8984

54.8275

54.7568

54.6862

54.6158

54.5455

54.4754

54.4055

54.3357

54.266

54.1966

54.1272

54.0581

53.989

53.9202

53.8515

53.7829

53.7145

53.6463

53.5782

53.5102

53.4424

53.3748

53.3073

53.24

53.1728

53.1058

53.0389

52.9721

52.9056

52.8391

52.7728

52.7067

52.6407

52.5749

52.5092

52.4436

52.3782

52.313

52.2479

52.1829

52.1181

52.0534

51.9889

51.9246

51.8603

51.7962

51.7323

51.6685

51.6049

51.5413

51.478

51.4148

51.3517

51.2887

51.2259

51.1633

51.1008

51.0384

50.9762

50.9141

50.8521

50.7903

50.7287

50.6671

50.6057

50.5445

50.4834

50.4224

50.3616

50.3009

50.2403

50.1799

50.1196

50.0594

49.9994

49.9395

49.8798

49.8202

49.7607

49.7014

49.6422

49.5831

49.5242

49.4654

49.4067

49.3482

49.2898

49.2316

49.1734

49.1154

49.0576

48.9998

48.9422

48.8847

48.8274

48.7702

48.7131

48.6562

48.5993

48.5427

48.4861

48.4297

48.3734

48.3172

48.2611

48.2052

48.1494

48.0938

48.0382

47.9828

47.9276

47.8724

47.8174

47.7625

47.7077

47.6531

47.5985

47.5441

47.4899

47.4357

47.3817

47.3278

47.274

47.2204

47.1668

47.1134

47.0601

47.007

46.9539

46.901

46.8482

46.7955

46.743

46.6905

46.6382

46.586

46.534

46.482

46.4302

46.3785

46.3269

46.2754

46.2241

46.1728

46.1217

46.0707

46.0198

45.9691

45.9184

45.8679

45.8175

45.7672

45.717

45.6669

45.617

45.5672

45.5174

45.4678

45.4184

45.369

45.3197

45.2706

45.2215

45.1726

45.1238

45.0751

45.0266

44.9781

44.9298

44.8815

44.8334

44.7854

44.7375

44.6897

44.642

44.5944

44.547

44.4996

44.4524

44.4053

44.3582

44.3113

44.2645

44.2179

44.1713

44.1248

44.0784

44.0322

43.986

43.94

43.8941

43.8482

43.8025

43.7569

43.7114

43.666

43.6207

43.5755

43.5305

43.4855

43.4406

43.3958

43.3512

43.3066

43.2622

43.2178

43.1736

43.1295

43.0854

43.0415

42.9977

42.9539

42.9103

42.8668

42.8234

42.7801

42.7369

42.6937

42.6507

42.6078

42.565

42.5223

42.4797

42.4372

42.3948

42.3525

42.3103

42.2682

42.2262

42.1843

42.1424

42.1007

42.0591

42.0176

41.9762

41.9349

41.8937

41.8525

41.8115

41.7706

41.7297

41.689

41.6484

41.6078

41.5674

41.527

41.4868

41.4466

41.4065

41.3666

41.3267

41.2869

41.2472

41.2076

41.1681

41.1287

41.0894

41.0502

41.0111

40.972

40.9331

40.8943

40.8555

40.8168

40.7783

40.7398

40.7014

40.6631

40.6249

40.5868

40.5488

40.5108

40.473

40.4352

40.3976

40.36

40.3225

40.2851

40.2478

40.2106

40.1735

40.1365

40.0995

40.0627

40.0259

39.9892

39.9526

39.9161

39.8797

39.8433

39.8071

39.7709

39.7349

39.6989

39.663

39.6272

39.5914

39.5558

39.5202

39.4848

39.4494

39.4141

39.3789

39.3437

39.3087

39.2737

39.2388

39.2041

39.1693

39.1347

39.1002

39.0657

39.0313

38.997

38.9628

38.9287

38.8946

38.8607

38.8268

38.793

38.7593

38.7256

38.6921

38.6586

38.6252

38.5919

38.5586

38.5255

38.4924

38.4594

38.4265

38.3937

38.3609

38.3282

38.2956

38.2631

38.2307

38.1983

38.166

38.1338

38.1017

38.0696

38.0377

38.0058

37.974

37.9422

37.9106

37.879

37.8475

37.816

37.7847

37.7534

37.7222

37.6911

37.66

37.6291

37.5981

37.5673

37.5366

37.5059

37.4753

37.4448

37.4143

37.3839

37.3536

37.3234

37.2933

37.2632

37.2332

37.2032

37.1734

37.1436

37.1139

37.0842

37.0546

37.0252

36.9957

36.9664

36.9371

36.9079

36.8787

36.8497

36.8207

36.7917

36.7629

36.7341

36.7054

36.6767

36.6482

36.6197

36.5912

36.5629

36.5346