102.933

102.773

102.614

102.455

102.296

102.138

101.98

101.822

101.664

101.507

101.35

101.194

101.038

100.882

100.726

100.571

100.415

100.261

100.106

99.9519

99.7979

99.6443

99.4909

99.3378

99.1851

99.0326

98.8804

98.7284

98.5768

98.4255

98.2744

98.1236

97.9731

97.8229

97.673

97.5234

97.374

97.225

97.0762

96.9277

96.7794

96.6315

96.4838

96.3364

96.1893

96.0425

95.896

95.7497

95.6037

95.458

95.3126

95.1674

95.0225

94.8779

94.7336

94.5895

94.4457

94.3022

94.1589

94.016

93.8733

93.7309

93.5887

93.4468

93.3052

93.1638

93.0228

92.882

92.7414

92.6012

92.4612

92.3214

92.1819

92.0427

91.9038

91.7651

91.6267

91.4886

91.3507

91.2131

91.0757

90.9386

90.8018

90.6652

90.5289

90.3929

90.2571

90.1216

89.9863

89.8513

89.7165

89.582

89.4478

89.3138

89.1801

89.0467

88.9134

88.7805

88.6478

88.5154

88.3832

88.2512

88.1195

87.9881

87.8569

87.726

87.5953

87.4649

87.3347

87.2048

87.0752

86.9457

86.8166

86.6876

86.559

86.4305

86.3024

86.1744

86.0467

85.9193

85.7921

85.6651

85.5384

85.412

85.2858

85.1598

85.034

84.9086

84.7833

84.6583

84.5335

84.409

84.2847

84.1607

84.0369

83.9133

83.79

83.6669

83.5441

83.4215

83.2991

83.177

83.0551

82.9334

82.812

82.6908

82.5698

82.4491

82.3286

82.2084

82.0883

81.9686

81.849

81.7297

81.6106

81.4917

81.3731

81.2547

81.1365

81.0186

80.9009

80.7834

80.6661

80.5491

80.4323

80.3158

80.1994

80.0833

79.9674

79.8517

79.7363

79.6211

79.5061

79.3913

79.2768

79.1625

79.0484

78.9345

78.8209

78.7074

78.5942

78.4812

78.3685

78.2559

78.1436

78.0315

77.9196

77.8079

77.6965

77.5853

77.4743

77.3635

77.2529

77.1425

77.0324

76.9224

76.8127

76.7032

76.5939

76.4849

76.376

76.2674

76.1589

76.0507

75.9427

75.8349

75.7273

75.62

75.5128

75.4059

75.2991

75.1926

75.0863

74.9802

74.8743

74.7686

74.6631

74.5578

74.4527

74.3479

74.2432

74.1388

74.0345

73.9305

73.8266

73.723

73.6196

73.5164

73.4133

73.3105

73.2079

73.1055

73.0033

72.9013

72.7995

72.6979

72.5965

72.4953

72.3943

72.2935

72.1929

72.0925

71.9923

71.8923

71.7925

71.6928

71.5934

71.4942

71.3952

71.2964

71.1977

71.0993

71.0011

70.903

70.8052

70.7075

70.6101

70.5128

70.4157

70.3189

70.2222

70.1257

70.0294

69.9333

69.8373

69.7416

69.6461

69.5507

69.4556

69.3606

69.2658

69.1712

69.0768

68.9826

68.8886

68.7947

68.7011

68.6076

68.5143

68.4212

68.3283

68.2356

68.1431

68.0507

67.9585

67.8666

67.7748

67.6831

67.5917

67.5005

67.4094

67.3185

67.2278

67.1373

67.0469

66.9568

66.8668

66.777

66.6874

66.5979

66.5087

66.4196

66.3307

66.242

66.1534

66.065

65.9768

65.8888

65.801

65.7133

65.6258

65.5385

65.4514

65.3644

65.2776

65.191

65.1046

65.0183

64.9322

64.8463

64.7606

64.675

64.5896

64.5044

64.4193

64.3344

64.2497

64.1652

64.0808

63.9966

63.9126

63.8287

63.745

63.6615

63.5781

63.495

63.4119

63.3291

63.2464

63.1639

63.0815

62.9993

62.9173

62.8355

62.7538

62.6723

62.5909

62.5097

62.4287

62.3478

62.2671

62.1866

62.1062

62.026

61.946

61.8661

61.7864

61.7068

61.6274

61.5482

61.4691

61.3902

61.3114

61.2328

61.1544

61.0761

60.998

60.92

60.8422

60.7646

60.6871

60.6098

60.5326

60.4556

60.3788

60.3021

60.2255

60.1491

60.0729

59.9968

59.9209

59.8451

59.7695

59.6941

59.6188

59.5436

59.4686

59.3938

59.3191

59.2446

59.1702

59.0959

59.0219

58.9479

58.8741

58.8005

58.727

58.6537

58.5805

58.5075

58.4346

58.3619

58.2893

58.2169

58.1446

58.0725

58.0005

57.9287

57.857

57.7854

57.714

57.6428

57.5717

57.5007

57.4299

57.3592

57.2887

57.2184

57.1481

57.078

57.0081

56.9383

56.8686

56.7991

56.7298

56.6605

56.5914

56.5225

56.4537

56.385

56.3165

56.2482

56.1799

56.1118

56.0439

55.9761

55.9084

55.8409

55.7735

55.7062

55.6391

55.5721

55.5053

55.4386

55.372

55.3056

55.2393

55.1732

55.1071

55.0413

54.9755

54.9099

54.8445

54.7791

54.7139

54.6489

54.5839

54.5191

54.4545

54.39

54.3256

54.2613

54.1972

54.1332

54.0693

54.0056

53.942

53.8786

53.8152

53.752

53.689

53.626

53.5632

53.5006

53.438

53.3756

53.3133

53.2512

53.1892

53.1273

53.0655

53.0039

52.9423

52.881

52.8197

52.7586

52.6976

52.6367

52.576

52.5154

52.4549

52.3945

52.3343

52.2742

52.2142

52.1543

52.0946

52.035

51.9755

51.9161

51.8569