160.425

160.176

159.927

159.678

159.43

159.182

158.935

158.688

158.442

158.196

157.95

157.705

157.46

157.216

156.972

156.728

156.485

156.242

156.

155.758

155.517

155.275

155.035

154.794

154.555

154.315

154.076

153.837

153.599

153.361

153.124

152.887

152.65

152.414

152.178

151.942

151.707

151.473

151.238

151.004

150.771

150.538

150.305

150.073

149.841

149.609

149.378

149.148

148.917

148.687

148.458

148.229

148.

147.771

147.543

147.316

147.089

146.862

146.635

146.409

146.183

145.958

145.733

145.509

145.285

145.061

144.837

144.614

144.392

144.169

143.948

143.726

143.505

143.284

143.064

142.844

142.624

142.405

142.186

141.968

141.749

141.532

141.314

141.097

140.881

140.664

140.448

140.233

140.018

139.803

139.588

139.374

139.161

138.947

138.734

138.522

138.31

138.098

137.886

137.675

137.464

137.254

137.044

136.834

136.625

136.416

136.207

135.999

135.791

135.583

135.376

135.169

134.963

134.757

134.551

134.345

134.14

133.936

133.731

133.527

133.323

133.12

132.917

132.715

132.512

132.31

132.109

131.907

131.707

131.506

131.306

131.106

130.906

130.707

130.509

130.31

130.112

129.914

129.717

129.52

129.323

129.126

128.93

128.734

128.539

128.344

128.149

127.955

127.761

127.567

127.374

127.181

126.988

126.795

126.603

126.412

126.22

126.029

125.838

125.648

125.458

125.268

125.079

124.89

124.701

124.513

124.324

124.137

123.949

123.762

123.575

123.389

123.203

123.017

122.831

122.646

122.461

122.277

122.092

121.909

121.725

121.542

121.359

121.176

120.994

120.812

120.63

120.449

120.268

120.087

119.907

119.726

119.547

119.367

119.188

119.009

118.831

118.652

118.475

118.297

118.12

117.943

117.766

117.59

117.414

117.238

117.062

116.887

116.712

116.538

116.364

116.19

116.016

115.843

115.67

115.497

115.325

115.153

114.981

114.809

114.638

114.467

114.297

114.127

113.957

113.787

113.617

113.448

113.28

113.111

112.943

112.775

112.607

112.44

112.273

112.106

111.94

111.774

111.608

111.442

111.277

111.112

110.947

110.783

110.619

110.455

110.291

110.128

109.965

109.803

109.64

109.478

109.316

109.155

108.993

108.832

108.672

108.511

108.351

108.191

108.032

107.873

107.714

107.555

107.397

107.238

107.081

106.923

106.766

106.609

106.452

106.296

106.139

105.983

105.828

105.672

105.517

105.363

105.208

105.054

104.9

104.746

104.593

104.439

104.287

104.134

103.982

103.829

103.678

103.526

103.375

103.224

103.073

102.923

102.772

102.622

102.473

102.323

102.174

102.025

101.877

101.728

101.58

101.433

101.285

101.138

100.991

100.844

100.697

100.551

100.405

100.26

100.114

99.9689

99.8239

99.6792

99.5348

99.3907

99.2467

99.1031

98.9597

98.8166

98.6737

98.5311

98.3887

98.2466

98.1047

97.9631

97.8218

97.6807

97.5398

97.3992

97.2589

97.1188

96.979

96.8394

96.7

96.5609

96.4221

96.2835

96.1452

96.0071

95.8692

95.7316

95.5943

95.4572

95.3203

95.1837

95.0473

94.9112

94.7753

94.6397

94.5043

94.3692

94.2343

94.0996

93.9652

93.831

93.6971

93.5634

93.4299

93.2967

93.1637

93.031

92.8985

92.7663

92.6342

92.5025

92.3709

92.2396

92.1086

91.9777

91.8471

91.7168

91.5867

91.4568

91.3271

91.1977

91.0685

90.9396

90.8109

90.6824

90.5541

90.4261

90.2983

90.1708

90.0434

89.9163

89.7895

89.6628

89.5364

89.4103

89.2843

89.1586

89.0331

88.9078

88.7828

88.658

88.5334

88.4091

88.2849

88.161

88.0373

87.9139

87.7906

87.6676

87.5449

87.4223

87.3

87.1778

87.0559

86.9343

86.8128

86.6916

86.5706

86.4498

86.3292

86.2089

86.0887

85.9688

85.8491

85.7297

85.6104

85.4914

85.3725

85.2539

85.1355

85.0174

84.8994

84.7817

84.6641

84.5468

84.4297

84.3128

84.1962

84.0797

83.9635

83.8474

83.7316

83.616

83.5006

83.3854

83.2704

83.1557

83.0411

82.9268

82.8126

82.6987

82.585

82.4715

82.3582

82.2451

82.1322

82.0195

81.9071

81.7948

81.6827

81.5709

81.4592

81.3478

81.2365

81.1255

81.0147

80.904

80.7936

80.6834

80.5734

80.4636

80.3539

80.2445

80.1353

80.0263

79.9175

79.8089

79.7005

79.5923

79.4843

79.3764

79.2688

79.1614

79.0542

78.9472

78.8404

78.7337

78.6273

78.5211

78.415

78.3092

78.2036

78.0981

77.9929

77.8878

77.7829

77.6783

77.5738

77.4695

77.3654

77.2615

77.1578

77.0543

76.9509