N=4000
r=0.00100
124		250.4516
134		251.0149
123		250.8049
123		248.8537
109		250.6514
N=4000
r=0.00200
182		352.5495
173		352.4220
184		352.4783
176		352.3636
174		353.5402
N=4000
r=0.00300
218		431.2110
212		431.2453
204		428.9020
220		431.0909
216		430.2593
N=4000
r=0.00400
247		496.2308
251		496.5777
242		496.3802
242		496.0496
246		496.8943
N=4000
r=0.00500
274		552.6861
270		553.5556
264		553.6970
259		553.8263
266		553.6692
N=4000
r=0.00600
292		605.8356
298		604.9799
288		605.2222
300		604.8000
284		605.1268
N=4000
r=0.00700
326		652.8712
323		653.0310
345		653.5217
304		653.6053
327		653.7278
N=4000
r=0.00800
329		698.1185
340		697.5294
339		697.4661
340		696.4706
327		695.8073
N=4000
r=0.00900
365		738.3699
345		738.2754
345		739.5507
376		739.1915
369		738.4309
N=4000
r=0.01000
379		777.1003
358		777.5531
377		776.8939
367		776.9183
375		777.8800
N=4000
r=0.01500
423		946.4988
448		945.5893
464		946.9310
471		945.2251
446		946.6278
N=4000
r=0.02000
506		1087.1858
549		1087.7978
531		1087.6855
508		1086.8189
514		1087.5409
N=4000
r=0.02500
571		1210.4396
552		1209.7536
563		1209.3233
572		1209.5524
571		1209.7391
N=4000
r=0.03000
599		1320.9366
608		1319.9079
616		1317.4935
602		1320.2724
621		1320.8390
N=4000
r=0.03500
654		1421.2783
669		1422.1839
668		1419.6168
654		1420.8502
689		1418.5791
N=4000
r=0.04000
698		1512.5559
731		1514.0369
737		1513.0109
722		1513.3019
711		1514.3755
N=4000
r=0.04500
745		1600.5705
767		1598.3950
753		1599.6932
751		1598.9893
760		1600.4211
N=4000
r=0.05000
776		1681.4639
764		1681.3822
794		1679.3401
796		1681.4271
811		1681.1356
N=4000
r=0.05500
826		1755.8305
821		1756.8343
807		1755.5502
813		1756.4194
848		1757.0566
N=4000
r=0.06000
868		1829.2442
855		1825.1520
867		1831.1061
903		1830.0432
802		1828.3840
N=4000
r=0.06500
886		1899.0474
886		1898.0542
867		1897.7266
851		1899.6957
866		1898.0092
N=4000
r=0.07000
939		1965.4963
904		1964.0885
888		1964.8919
910		1964.0220
902		1966.4346
N=4000
r=0.07500
917		2025.4842
894		2027.4676
915		2028.4426
937		2026.5197
904		2027.7168
N=4000
r=0.08000
960		2087.8333
943		2088.1113
941		2088.8002
946		2089.8478
992		2089.6210
N=4000
r=0.08500
967		2147.7653
971		2146.0360
984		2146.1138
959		2144.9437
955		2148.1728
N=4000
r=0.09000
971		2205.6447
1004		2205.1554
1010		2204.9703
983		2205.1363
974		2203.6920
N=4000
r=0.09500
1012		2260.2609
1024		2256.6172
1041		2258.6369
1023		2259.8328
1060		2258.7170
N=4000
r=0.10000
1043		2312.2617
1057		2310.0937
1028		2310.6848
1042		2313.1324
1029		2311.2546
