N=40000
r=0.00010
800		998.0000
800		999.0000
801		999.2522
800		999.5000
800		999.0000
N=40000
r=0.00020
800		1196.5000
800		1199.5000
804		1198.0299
800		1198.5000
800		1197.0000
N=40000
r=0.00030
801		1393.7591
802		1395.0175
805		1395.3106
800		1392.5000
801		1394.2584
N=40000
r=0.00040
817		1589.0930
821		1587.8697
823		1588.9781
822		1589.3966
805		1588.6025
N=40000
r=0.00050
878		1773.6720
865		1775.0578
899		1774.6396
849		1772.4393
880		1774.5455
N=40000
r=0.00060
984		1943.7561
1006		1942.7793
981		1943.2834
960		1945.0000
928		1944.3793
N=40000
r=0.00070
1027		2098.4703
1042		2093.8234
1014		2098.4181
1060		2095.8491
1046		2098.0076
N=40000
r=0.00080
1123		2241.7890
1078		2242.0074
1076		2240.6840
1095		2241.3014
1103		2241.7126
N=40000
r=0.00090
1206		2377.1443
1193		2376.5708
1167		2372.8269
1209		2375.9148
1187		2376.8905
N=40000
r=0.00100
1220		2501.3115
1271		2502.4713
1224		2503.0850
1224		2504.7190
1315		2505.5703
N=40000
r=0.00150
1481		3062.9041
1506		3061.9097
1545		3060.3398
1502		3062.8522
1521		3061.3024
N=40000
r=0.00200
1708		3530.9508
1700		3530.5882
1743		3530.9518
1718		3528.9430
1698		3527.6820
N=40000
r=0.00250
1934		3942.4798
1960		3940.6122
1903		3943.9879
1873		3941.9802
1952		3944.4180
N=40000
r=0.00300
2116		4310.8960
2153		4311.8481
2134		4311.8819
2142		4314.5490
2130		4312.1596
N=40000
r=0.00350
2290		4652.2707
2286		4652.0542
2237		4652.7354
2293		4653.4012
2314		4652.2887
N=40000
r=0.00400
2386		4971.2473
2365		4970.8351
2474		4972.1407
2458		4968.9845
2417		4972.5647
N=40000
r=0.00450
2596		5265.0293
2562		5265.9813
2561		5265.4123
2572		5263.4463
2501		5267.0936
N=40000
r=0.00500
2712		5548.1357
2710		5546.4576
2724		5546.6138
2750		5545.0545
2673		5544.3805
N=40000
r=0.00550
2842		5812.5841
2903		5810.1994
2867		5813.2156
2833		5811.7504
2829		5811.8208
N=40000
r=0.00600
2946		6062.6327
3014		6066.9529
2937		6066.9966
3013		6067.2317
2930		6063.3788
N=40000
r=0.00650
3078		6308.2794
2976		6310.8118
3151		6308.7277
3032		6309.9683
3093		6308.1309
N=40000
r=0.00700
3256		6544.2064
3152		6540.3249
3181		6543.8419
3241		6542.4502
3245		6541.5177
N=40000
r=0.00750
3409		6765.0575
3332		6767.4142
3306		6765.6491
3318		6763.9313
3261		6766.4278
