N=1000
r=0.00100
26		62.5385
32		63.2500
32		63.2500
32		63.2500
32		63.2500
N=2000
r=0.00100
63		125.8571
65		125.3077
65		125.3077
58		125.9310
67		125.5075
N=4000
r=0.00100
131		249.7786
115		250.3043
124		249.8065
126		250.1270
129		250.8605
N=7000
r=0.00100
215		437.0465
214		438.3925
223		438.0224
219		437.9498
229		437.7773
N=10000
r=0.00100
316		623.9114
294		625.9728
320		625.6250
319		625.8966
305		624.6721
N=12000
r=0.00100
368		749.5217
363		750.1074
360		751.3333
363		750.4380
383		750.8329
N=14000
r=0.00100
422		875.5071
449		876.1715
439		876.2210
426		876.2347
455		877.1538
N=16000
r=0.00100
504		1001.1429
499		1001.4449
480		1001.3333
467		1001.8180
475		999.1263
N=18000
r=0.00100
565		1125.7080
561		1126.3476
584		1127.3904
556		1124.8129
553		1125.8752
N=20000
r=0.00100
592		1250.4459
590		1250.6780
602		1251.5017
590		1251.0169
629		1252.2114
N=22000
r=0.00100
670		1376.6269
691		1376.7887
654		1374.8869
665		1376.2782
653		1376.0015
N=24000
r=0.00100
754		1501.3740
770		1501.5325
725		1502.2690
753		1501.6853
755		1500.7483
N=26000
r=0.00100
805		1626.9876
806		1627.6129
814		1626.8993
801		1627.4170
813		1627.5387
N=28000
r=0.00100
847		1752.1240
882		1751.8413
873		1750.5258
871		1752.4696
852		1750.8263
N=30000
r=0.00100
940		1879.2553
920		1877.0652
953		1877.5540
917		1878.8321
933		1877.3730
N=32000
r=0.00100
970		2003.8969
1007		2002.9086
971		2003.8321
1002		2004.7944
999		2002.5636
N=34000
r=0.00100
1086		2126.0368
1043		2125.9147
1092		2128.8132
1043		2127.2186
1066		2128.7392
N=36000
r=0.00100
1114		2254.1077
1087		2252.1150
1117		2253.4011
1105		2252.7647
1131		2251.4244
N=38000
r=0.00100
1177		2379.6338
1161		2379.5530
1208		2378.8278
1179		2378.9491
1168		2379.2500
N=40000
r=0.00100
1186		2504.3811
1281		2505.0437
1256		2505.3631
1269		2502.0969
1237		2505.5530
N=43000
r=0.00100
1345		2693.5056
1349		2692.2320
1366		2689.9971
1336		2691.0150
1359		2692.3481
N=46000
r=0.00100
1421		2879.9866
1450		2881.7103
1427		2879.5298
1451		2879.1875
1422		2880.2841
N=50000
r=0.00100
1540		3130.9091
1520		3130.5263
1587		3129.8481
1529		3131.6815
1533		3128.5643
