N=10
r=0.10000
1		11.0000
1		11.0000
1		11.0000
1		11.0000
1		11.0000
N=20
r=0.10000
2		17.7000
2		17.0000
2		17.1000
2		16.3000
2		16.7000
N=30
r=0.10000
3		24.6000
3		25.6000
3		23.0000
3		24.7000
3		23.4000
N=40
r=0.10000
4		31.5000
4		32.3000
4		31.1000
4		31.9000
4		31.6000
N=50
r=0.10000
5		39.5000
5		37.5000
5		39.5000
5		39.0000
5		38.7000
N=60
r=0.10000
6		45.8000
6		45.2000
6		45.2000
6		47.2000
6		45.7000
N=70
r=0.10000
7		53.2000
7		54.5000
7		52.4000
7		51.5000
7		52.8000
N=80
r=0.10000
8		61.3000
8		61.4000
8		58.8000
8		60.1000
8		60.2000
N=90
r=0.10000
9		69.3000
9		67.2000
9		66.3000
9		68.4000
9		69.1000
N=100
r=0.10000
10		73.7000
10		75.7000
10		76.8000
10		75.0000
10		75.0000
N=5
r=0.20000
10		1000000.0000
10		1000000.0000
10		1000000.0000
10		1000000.0000
10		1000000.0000
N=10
r=0.20000
1		11.0000
1		11.0000
1		11.0000
1		11.0000
1		11.0000
N=15
r=0.20000
1		16.0000
1		16.0000
1		16.0000
1		16.0000
1		16.0000
N=20
r=0.20000
2		20.7000
2		20.4000
2		20.8000
2		20.5000
2		20.8000
N=25
r=0.20000
1		26.0000
1		26.0000
2		25.8750
1		26.0000
1		26.0000
N=30
r=0.20000
3		30.6000
3		30.3000
3		29.8000
3		30.7000
3		30.8000
N=10
r=0.50000
1		11.0000
1		11.0000
1		11.0000
1		11.0000
1		11.0000
N=20
r=0.50000
1		21.0000
1		21.0000
1		21.0000
1		21.0000
1		21.0000
N=30
r=0.50000
1		31.0000
1		31.0000
1		31.0000
1		31.0000
1		31.0000
N=40
r=0.50000
1		41.0000
1		41.0000
1		41.0000
1		41.0000
1		41.0000
N=50
r=0.50000
1		51.0000
1		51.0000
1		51.0000
1		51.0000
1		51.0000
