0	0	0	0	0	0	0	0	0	0	
0	0	0	4	2	3	69	74	21	0	
0	0	4	92	79	9	82	100	53	0	
14	46	4	99	100	39	1	9	2	0	
32	100	30	38	99	32	0	0	0	0	
1	48	13	0	1	6	53	25	0	0	
0	11	68	36	0	54	100	73	0	0	
0	57	100	53	0	77	100	66	0	0	
0	50	81	11	0	42	81	16	0	0	
0	0	0	0	0	0	0	0	0	0	

time:  0  		  [10][1]
eyesight_real
37	97	94	81	84	100	100	100	100	100	
30	89	100	54	100	100	100	100	100	100	
30	94	93	44	93	100	100	100	100	100	
25	96	74	59	93	100	100	100	100	99	
1	37	37	83	100	100	100	99	91	99	
0	10	59	99	100	100	99	95	100	100	
0	24	84	100	100	95	76	100	100	100	
0	9	50	99	81	61	52	100	100	95	
0	0	17	46	31	21	17	64	54	37	
0	0	0	0	0	0	0	0	0	0	

eyesight_turned
0	0	0	0	0	0	0	0	0	0	0	0	
0	0	-1	-1	-1	-1	-1	-1	-1	-1	-1	0	
0	0	-1	-1	-1	-1	-1	-1	-1	-1	-1	0	
0	0	-1	-1	0	-1	-1	-1	-1	-1	-1	0	
0	0	-1	-1	-1	-1	-1	-1	-1	-1	-1	0	
0	0	0	0	-1	-1	-1	-1	-1	-1	-1	0	
0	0	0	-1	-1	-1	-1	-1	-1	-1	-1	0	
0	0	0	-1	-1	-1	-1	-1	-1	-1	-1	0	
0	0	0	-1	-1	-1	-1	-1	-1	-1	-1	0	
0	0	0	0	0	0	0	0	-1	-1	0	0	
0	0	0	0	0	0	0	0	0	0	0	0	
0	0	0	0	0	0	0	0	0	0	0	0	
time:  1  		  [10][2]

eyesight_real
37	97	84	81	84	100	100	100	100	100	
30	89	85	54	100	100	100	99	94	80	
30	94	87	44	93	100	100	96	87	69	
25	96	74	59	93	100	95	87	74	86	
1	37	37	83	100	98	84	69	91	99	
0	10	59	99	99	87	64	95	100	100	
0	24	84	100	87	59	72	100	100	100	
0	9	50	81	49	30	52	100	100	95	
0	0	0	31	14	7	17	64	53	37	
0	0	0	0	0	0	0	0	0	0	

eyesight_turned
0	0	0	0	0	0	0	0	0	0	0	0	
0	0	-1	-1	-1	-1	-1	-1	-1	-1	-1	0	
0	0	-1	-1	-1	-1	-1	-1	-1	-1	-1	0	
0	0	-1	-1	0	-1	-1	-1	-1	-1	-1	0	
0	0	-1	-1	-1	-1	-1	-1	-1	-1	-1	0	
0	0	0	0	-1	-1	-1	-1	-1	-1	-1	0	
0	0	0	-1	-1	-1	-1	-1	-1	-1	-1	0	
0	0	0	-1	-1	-1	-1	-1	-1	-1	-1	0	
0	0	0	-1	-1	0	0	-1	-1	-1	-1	0	
0	0	0	0	0	0	0	0	-1	-1	0	0	
0	0	0	0	0	0	0	0	0	0	0	0	
0	0	0	0	0	0	0	0	0	0	0	0	
time:  2  		  [10][3]

eyesight_real
37	97	84	81	84	100	100	92	100	97	
30	89	85	54	100	100	70	40	49	39	
30	94	87	44	93	100	49	29	26	69	
25	96	74	59	89	70	35	20	73	86	
1	37	37	83	75	45	23	69	91	99	
0	10	59	98	60	27	42	95	100	100	
0	24	84	89	35	12	57	100	100	100	
0	9	50	46	12	3	46	100	99	91	
0	0	0	0	1	0	13	61	44	33	
0	0	0	0	0	0	0	0	0	0	

eyesight_turned
0	0	0	0	0	0	0	0	0	0	0	0	
0	0	-1	-1	-1	-1	-1	-1	-1	-1	-1	0	
0	0	-1	-1	-1	-1	-1	-1	0	0	0	0	
0	0	-1	-1	0	-1	-1	0	0	0	-1	0	
0	0	-1	-1	-1	-1	-1	0	0	-1	-1	0	
0	0	0	0	-1	-1	0	0	-1	-1	-1	0	
0	0	0	-1	-1	-1	0	0	-1	-1	-1	0	
0	0	0	-1	-1	0	0	-1	-1	-1	-1	0	
0	0	0	-1	0	0	0	0	-1	-1	-1	0	
0	0	0	0	0	0	0	0	-1	0	0	0	
0	0	0	0	0	0	0	0	0	0	0	0	
0	0	0	0	0	0	0	0	0	0	0	0	
time:  3  		  [9][4]

eyesight_real
37	95	76	81	84	100	82	92	100	73	
30	89	78	54	100	99	59	40	49	39	
30	94	77	44	93	96	29	11	26	69	
25	96	74	57	89	70	11	20	73	86	
1	37	37	57	29	13	18	69	91	99	
0	10	59	57	21	11	42	95	100	100	
0	24	84	53	13	11	55	100	100	100	
0	9	0	0	0	3	46	100	99	91	
0	0	0	0	0	0	13	61	44	33	
0	0	0	0	0	0	0	0	0	0	

eyesight_turned
0	0	0	0	0	0	0	0	0	0	0	0	
0	0	-1	-1	-1	-1	-1	-1	-1	-1	-1	0	
0	0	-1	-1	-1	-1	-1	-1	0	0	0	0	
0	0	-1	-1	0	-1	-1	0	0	0	-1	0	
0	0	-1	-1	-1	-1	-1	0	0	-1	-1	0	
0	0	0	0	-1	0	0	0	-1	-1	-1	0	
0	0	0	-1	-1	0	0	0	-1	-1	-1	0	
0	0	0	-1	-1	0	0	-1	-1	-1	-1	0	
0	0	0	0	0	0	0	0	-1	-1	-1	0	
0	0	0	0	0	0	0	0	-1	0	0	0	
0	0	0	0	0	0	0	0	0	0	0	0	
0	0	0	0	0	0	0	0	0	0	0	0	
time:  4  		  [8][5]

eyesight_real
13	29	76	81	84	96	63	92	99	73	
30	13	65	54	100	86	32	40	49	39	
30	20	42	44	93	76	16	11	26	69	
25	44	5	47	80	48	10	20	73	86	
1	35	13	1	0	2	18	69	91	99	
0	10	36	4	0	10	42	95	100	100	
0	24	57	0	0	0	55	100	100	100	
0	9	0	0	0	0	46	100	99	91	
0	0	0	0	0	0	13	61	44	33	
0	0	0	0	0	0	0	0	0	0	

eyesight_turned
0	0	0	0	0	0	0	0	0	0	0	0	
0	0	0	-1	-1	-1	-1	-1	-1	-1	-1	0	
0	0	0	-1	-1	-1	-1	0	0	0	0	0	
0	0	0	0	0	-1	-1	0	0	0	-1	0	
0	0	0	0	0	-1	0	0	0	-1	-1	0	
0	0	0	0	0	0	0	0	-1	-1	-1	0	
0	0	0	0	0	0	0	0	-1	-1	-1	0	
0	0	0	-1	0	0	0	-1	-1	-1	-1	0	
0	0	0	0	0	0	0	0	-1	-1	-1	0	
0	0	0	0	0	0	0	0	-1	0	0	0	
0	0	0	0	0	0	0	0	0	0	0	0	
0	0	0	0	0	0	0	0	0	0	0	0	
time:  5  		  [7][6]

eyesight_real
13	29	76	81	84	54	63	92	99	73	
30	13	65	54	96	54	32	40	49	39	
30	20	42	44	93	54	16	11	26	69	
25	44	5	47	70	48	10	20	73	86	
1	35	13	1	0	2	18	69	90	97	
0	10	36	4	0	0	0	95	100	100	
0	24	54	0	0	0	0	100	100	100	
0	9	0	0	0	0	0	100	99	91	
0	0	0	0	0	0	13	61	44	33	
0	0	0	0	0	0	0	0	0	0	

eyesight_turned
0	0	0	0	0	0	0	0	0	0	0	0	
0	0	0	-1	-1	-1	-1	-1	-1	-1	-1	0	
0	0	0	-1	-1	-1	-1	0	0	0	0	0	
0	0	0	0	0	-1	-1	0	0	0	-1	0	
0	0	0	0	0	-1	0	0	0	-1	-1	0	
0	0	0	0	0	0	0	0	-1	-1	-1	0	
0	0	0	0	0	0	0	0	-1	-1	-1	0	
0	0	0	-1	0	0	0	0	-1	-1	-1	0	
0	0	0	0	0	0	0	0	-1	-1	-1	0	
0	0	0	0	0	0	0	0	-1	0	0	0	
0	0	0	0	0	0	0	0	0	0	0	0	
0	0	0	0	0	0	0	0	0	0	0	0	
time:  6  		  [6][6]

eyesight_real
13	29	76	81	79	46	63	92	99	73	
30	13	65	54	89	46	32	40	49	39	
30	20	42	44	93	46	8	6	6	8	
25	44	5	47	70	32	6	6	8	11	
1	25	13	1	0	0	0	11	20	26	
0	6	6	4	0	0	0	53	56	56	
0	24	6	0	0	0	0	98	96	88	
0	9	0	0	0	0	0	100	99	91	
0	0	0	0	0	0	13	61	44	33	
0	0	0	0	0	0	0	0	0	0	

eyesight_turned
0	0	0	0	0	0	0	0	0	0	0	0	
0	0	0	-1	-1	-1	0	-1	-1	-1	-1	0	
0	0	0	-1	-1	-1	0	0	0	0	0	0	
0	0	0	0	0	-1	0	0	0	0	0	0	
0	0	0	0	0	-1	0	0	0	0	0	0	
0	0	0	0	0	0	0	0	0	0	0	0	
0	0	0	0	0	0	0	0	-1	-1	-1	0	
0	0	0	0	0	0	0	0	-1	-1	-1	0	
0	0	0	0	0	0	0	0	-1	-1	-1	0	
0	0	0	0	0	0	0	0	-1	0	0	0	
0	0	0	0	0	0	0	0	0	0	0	0	
0	0	0	0	0	0	0	0	0	0	0	0	
time:  7  		  [5][7]

eyesight_real
13	29	76	37	9	43	63	92	99	73	
30	13	65	54	26	18	32	40	49	39	
30	20	42	44	39	0	1	6	6	8	
25	44	5	47	46	0	0	0	0	0	
1	25	13	1	0	0	0	0	0	0	
0	6	6	4	0	0	0	0	1	0	
0	24	6	0	0	0	0	51	25	6	
0	9	0	0	0	0	0	100	58	24	
0	0	0	0	0	0	13	61	44	33	
0	0	0	0	0	0	0	0	0	0	

eyesight_turned
0	0	0	0	0	0	0	0	0	0	0	0	
0	0	0	-1	0	0	0	-1	-1	-1	-1	0	
0	0	0	-1	-1	0	0	0	0	0	0	0	
0	0	0	0	0	0	0	0	0	0	0	0	
0	0	0	0	0	0	0	0	0	0	0	0	
0	0	0	0	0	0	0	0	0	0	0	0	
0	0	0	0	0	0	0	0	0	0	0	0	
0	0	0	0	0	0	0	0	-1	0	0	0	
0	0	0	0	0	0	0	0	-1	-1	0	0	
0	0	0	0	0	0	0	0	-1	0	0	0	
0	0	0	0	0	0	0	0	0	0	0	0	
0	0	0	0	0	0	0	0	0	0	0	0	
time:  8  		  [4][8]

eyesight_real
13	29	43	37	9	43	63	92	99	73	
30	13	63	35	26	18	32	40	49	39	
30	20	42	44	23	0	0	0	0	8	
25	44	5	47	19	0	0	0	0	0	
1	25	13	1	0	0	0	0	0	0	
0	6	6	4	0	0	0	0	1	0	
0	24	6	0	0	0	0	13	9	6	
0	9	0	0	0	0	0	69	9	9	
0	0	0	0	0	0	13	61	13	9	
0	0	0	0	0	0	0	0	0	0	

eyesight_turned
0	0	0	0	0	0	0	0	0	0	0	0	
0	0	0	0	0	0	0	-1	-1	-1	-1	0	
0	0	0	-1	0	0	0	0	0	0	0	0	
0	0	0	0	0	0	0	0	0	0	0	0	
0	0	0	0	0	0	0	0	0	0	0	0	
0	0	0	0	0	0	0	0	0	0	0	0	
0	0	0	0	0	0	0	0	0	0	0	0	
0	0	0	0	0	0	0	0	0	0	0	0	
0	0	0	0	0	0	0	0	-1	0	0	0	
0	0	0	0	0	0	0	0	-1	0	0	0	
0	0	0	0	0	0	0	0	0	0	0	0	
0	0	0	0	0	0	0	0	0	0	0	0	
time:  9  		  [3][9]

eyesight_real
13	29	43	37	9	43	63	75	57	53	
30	13	63	35	26	18	32	0	0	0	
30	20	42	44	23	0	0	0	0	0	
25	44	5	47	19	0	0	0	0	0	
1	25	13	1	0	0	0	0	0	0	
0	6	6	4	0	0	0	0	1	0	
0	24	6	0	0	0	0	13	9	6	
0	9	0	0	0	0	0	53	9	9	
0	0	0	0	0	0	13	53	13	9	
0	0	0	0	0	0	0	0	0	0	

eyesight_turned
0	0	0	0	0	0	0	0	0	0	0	0	
0	0	0	0	0	0	0	-1	-1	-1	-1	0	
0	0	0	-1	0	0	0	0	0	0	0	0	
0	0	0	0	0	0	0	0	0	0	0	0	
0	0	0	0	0	0	0	0	0	0	0	0	
0	0	0	0	0	0	0	0	0	0	0	0	
0	0	0	0	0	0	0	0	0	0	0	0	
0	0	0	0	0	0	0	0	0	0	0	0	
0	0	0	0	0	0	0	0	-1	0	0	0	
0	0	0	0	0	0	0	0	-1	0	0	0	
0	0	0	0	0	0	0	0	0	0	0	0	
0	0	0	0	0	0	0	0	0	0	0	0	
time:  10  		  [2][10]

eyesight_real
13	29	43	37	9	24	9	1	0	0	
30	13	63	35	26	18	32	0	0	0	
30	20	42	44	23	0	0	0	0	0	
25	44	5	47	19	0	0	0	0	0	
1	25	13	1	0	0	0	0	0	0	
0	6	6	4	0	0	0	0	0	0	
0	24	6	0	0	0	0	6	0	0	
0	9	0	0	0	0	0	29	0	0	
0	0	0	0	0	0	13	36	0	0	
0	0	0	0	0	0	0	0	0	0	

eyesight_turned
0	0	0	0	0	0	0	0	0	0	0	0	
0	0	0	0	0	0	0	0	0	0	0	0	
0	0	0	-1	0	0	0	0	0	0	0	0	
0	0	0	0	0	0	0	0	0	0	0	0	
0	0	0	0	0	0	0	0	0	0	0	0	
0	0	0	0	0	0	0	0	0	0	0	0	
0	0	0	0	0	0	0	0	0	0	0	0	
0	0	0	0	0	0	0	0	0	0	0	0	
0	0	0	0	0	0	0	0	0	0	0	0	
0	0	0	0	0	0	0	0	0	0	0	0	
0	0	0	0	0	0	0	0	0	0	0	0	
0	0	0	0	0	0	0	0	0	0	0	0	
time:  11  		  [1][10]

