time:  0  		  [10][1]
此时的可见域：
-1	-1	-1	-1	-1	-1	-1	-1	-1	-1	
-1	-1	-1	-1	-1	-1	-1	-1	-1	-1	
-1	-1	-1	-1	-1	-1	-1	-1	-1	-1	
-1	-1	-1	-1	-1	-1	-1	-1	-1	-1	
-1	-1	0	-1	-1	-1	-1	-1	-1	-1	
-1	0	0	-1	-1	-1	-1	-1	-1	-1	
-1	0	0	-1	-1	-1	-1	-1	-1	-1	
-1	0	0	0	0	0	0	0	0	-1	
0	0	0	0	0	0	0	0	0	0	
0	0	0	0	0	0	0	0	0	-1	
time:  1  		  [9][2]
此时的可见域：
-1	-1	-1	-1	-1	-1	-1	-1	-1	-1	
0	-1	-1	-1	-1	-1	-1	-1	-1	-1	
0	-1	-1	-1	-1	-1	-1	-1	-1	-1	
0	-1	-1	-1	-1	-1	-1	-1	-1	-1	
0	-1	0	-1	-1	-1	-1	-1	-1	-1	
0	0	0	0	-1	-1	-1	-1	-1	-1	
0	0	0	-1	-1	-1	-1	-1	-1	-1	
0	0	0	0	0	0	0	0	0	0	
0	0	0	0	0	0	0	0	0	0	
0	0	0	0	0	0	0	0	0	0	
time:  2  		  [8][2]
此时的可见域：
-1	-1	-1	-1	-1	-1	-1	-1	-1	-1	
0	-1	-1	-1	-1	-1	-1	-1	-1	-1	
0	-1	-1	-1	-1	-1	-1	-1	-1	-1	
0	-1	-1	-1	-1	-1	-1	-1	-1	-1	
0	-1	0	-1	-1	-1	-1	-1	-1	-1	
0	0	0	0	0	0	0	0	0	0	
0	0	0	0	0	0	0	0	-1	-1	
0	0	0	0	0	0	0	0	0	0	
0	0	0	0	0	0	0	0	0	0	
0	0	0	0	0	0	0	0	0	0	
time:  3  		  [7][3]
此时的可见域：
-1	-1	-1	0	0	-1	-1	-1	-1	-1	
0	-1	-1	0	0	-1	-1	-1	-1	-1	
0	-1	-1	0	0	-1	-1	-1	-1	-1	
0	-1	-1	0	0	-1	-1	-1	-1	-1	
0	0	0	0	0	0	-1	-1	-1	-1	
0	0	0	0	0	0	0	0	0	0	
0	0	0	0	0	0	0	0	-1	-1	
0	0	0	0	0	0	0	0	0	0	
0	0	0	0	0	0	0	0	0	0	
0	0	0	0	0	0	0	0	0	0	
time:  4  		  [6][4]
此时的可见域：
-1	-1	0	0	0	-1	-1	-1	-1	-1	
0	-1	0	0	0	-1	-1	-1	-1	-1	
0	0	0	0	0	0	0	0	-1	-1	
0	-1	0	0	0	0	0	0	0	0	
0	0	0	0	0	0	0	0	0	0	
0	0	0	0	0	0	0	0	0	0	
0	0	0	0	0	0	0	0	-1	-1	
0	0	0	0	0	0	0	0	0	0	
0	0	0	0	0	0	0	0	0	0	
0	0	0	0	0	0	0	0	0	0	
time:  5  		  [5][5]
此时的可见域：
-1	-1	0	0	0	0	0	-1	-1	-1	
0	-1	0	0	0	0	0	-1	-1	-1	
0	0	0	0	0	0	0	0	-1	-1	
0	0	0	0	0	0	0	0	0	0	
0	0	0	0	0	0	0	0	0	0	
0	0	0	0	0	0	0	0	0	0	
0	0	0	0	0	0	0	0	0	0	
0	0	0	0	0	0	0	0	0	0	
0	0	0	0	0	0	0	0	0	0	
0	0	0	0	0	0	0	0	0	0	
time:  6  		  [4][6]
此时的可见域：
-1	-1	0	0	0	0	0	0	0	0	
0	0	0	0	0	0	0	0	0	0	
0	0	0	0	0	0	0	0	0	0	
0	0	0	0	0	0	0	0	0	0	
0	0	0	0	0	0	0	0	0	0	
0	0	0	0	0	0	0	0	0	0	
0	0	0	0	0	0	0	0	0	0	
0	0	0	0	0	0	0	0	0	0	
0	0	0	0	0	0	0	0	0	0	
0	0	0	0	0	0	0	0	0	0	
time:  7  		  [3][7]
此时的可见域：
0	0	0	0	0	0	0	0	0	0	
0	0	0	0	0	0	0	0	0	0	
0	0	0	0	0	0	0	0	0	0	
0	0	0	0	0	0	0	0	0	0	
0	0	0	0	0	0	0	0	0	0	
0	0	0	0	0	0	0	0	0	0	
0	0	0	0	0	0	0	0	0	0	
0	0	0	0	0	0	0	0	0	0	
0	0	0	0	0	0	0	0	0	0	
0	0	0	0	0	0	0	0	0	0	
time:  8  		  [3][8]
此时的可见域：
0	0	0	0	0	0	0	0	0	0	
0	0	0	0	0	0	0	0	0	0	
0	0	0	0	0	0	0	0	0	0	
0	0	0	0	0	0	0	0	0	0	
0	0	0	0	0	0	0	0	0	0	
0	0	0	0	0	0	0	0	0	0	
0	0	0	0	0	0	0	0	0	0	
0	0	0	0	0	0	0	0	0	0	
0	0	0	0	0	0	0	0	0	0	
0	0	0	0	0	0	0	0	0	0	
time:  9  		  [2][9]
此时的可见域：
0	0	0	0	0	0	0	0	0	0	
0	0	0	0	0	0	0	0	0	0	
0	0	0	0	0	0	0	0	0	0	
0	0	0	0	0	0	0	0	0	0	
0	0	0	0	0	0	0	0	0	0	
0	0	0	0	0	0	0	0	0	0	
0	0	0	0	0	0	0	0	0	0	
0	0	0	0	0	0	0	0	0	0	
0	0	0	0	0	0	0	0	0	0	
0	0	0	0	0	0	0	0	0	0	
time:  10  		  [1][10]

