0	0	0	0	0	0	0	0	0	0	
0	0	0	4	2	3	69	74	21	0	
0	0	4	92	79	9	82	100	53	0	
14	46	4	99	100	39	1	9	2	0	
32	100	30	38	99	32	0	0	0	0	
1	48	13	0	1	6	53	25	0	0	
0	11	68	36	0	54	100	73	0	0	
0	57	100	53	0	77	100	66	0	0	
0	50	81	11	0	42	81	16	0	0	
0	0	0	0	0	0	0	0	0	0	

time:  0  		  [10][1]
time:  1  		  [10][2]
time:  2  		  [10][3]
time:  3  		  [9][4]
time:  4  		  [8][5]
time:  5  		  [7][6]
time:  6  		  [6][6]
time:  7  		  [5][7]
time:  8  		  [4][8]
time:  9  		  [3][9]
time:  10  		  [2][10]
time:  11  		  [1][10]
